1.225548545302697789e+02
9.948502321396932757e+01
8.179873739168780844e+01
1.076138530104151982e+02
1.196435706931399210e+02
1.068842181958613367e+02
1.179370510782601116e+02
9.963005917613725160e+01
1.005142587189939718e+02
8.156421837639831551e+01
9.671523853332041654e+01
1.022371648734624046e+02
8.266417055240617628e+01
1.035866753764752275e+02
1.085111312341000200e+02
9.442305100560611208e+01
8.133931552229860529e+01
8.148450058921154948e+01
8.148450058921154948e+01
1.002072209162853937e+02
1.138664832759361047e+02
1.136781086280840469e+02
8.156417925458082152e+01
8.106527706076015249e+01
1.107396931088000258e+02
8.106527706076015249e+01
1.171232220453907189e+02
1.143865713786328797e+02
1.076473544969601761e+02
1.082679060813262595e+02
8.105394802747458982e+01
1.081219769297639743e+02
1.082769597969622453e+02
1.140148311388651763e+02
1.110638389507119257e+02
1.156749166942990854e+02
1.021328025769266077e+02
1.060191939273823323e+02
1.026974533714705444e+02
1.161640206285343169e+02
1.071501247783884025e+02
1.066812607622503606e+02
1.128414684218867450e+02
1.245572051680481991e+02
1.058681406905639761e+02
1.057183337567077217e+02
1.212699124644219921e+02
1.163395794879205170e+02
1.126266094479272368e+02
1.083132807647481570e+02
8.138940917764693950e+01
1.033071847375120029e+02
1.130342736409840114e+02
8.192449927208058114e+01
1.135567404255264279e+02
8.127894802747459835e+01
1.158053336000941584e+02
1.012777351728056772e+02
9.857621985640098217e+01
1.135070675776764659e+02
1.009198522968531648e+02
1.043197592076250686e+02
1.002999889995934097e+02
1.104391228090613879e+02
9.988621074444192516e+01
1.032071263948693058e+02
8.106527706076015249e+01
8.127894802747459835e+01
8.199052066614544287e+01
1.278208553877887255e+02
8.106527706076015249e+01
1.102802048975024576e+02
1.229453655423028806e+02
1.039653633761158886e+02
1.009121827033562511e+02
1.042066489691265474e+02
1.117451699426628409e+02
1.083462911483981372e+02
1.030050677133883710e+02
1.028792212163368873e+02
1.126403982842685849e+02
1.013599766215851901e+02
1.140625023754917464e+02
1.176786811249214963e+02
1.164555173766795519e+02
1.128659057198827469e+02
1.067835942722676918e+02
8.133931552229860529e+01
1.147840955907542622e+02
1.106507380807264980e+02
1.020001535792208358e+02
1.041320933677380225e+02
1.137507483946712199e+02
1.066896138837777386e+02
9.847563867163009377e+01
1.123711345352455879e+02
1.155021410391601364e+02
9.769830131803641393e+01
1.004715183878459044e+02
1.039288977719131140e+02
1.044911118146685141e+02
1.146599207669778480e+02
1.132967553369571192e+02
1.206273208386542422e+02
1.151516104641385994e+02
1.178921068731541197e+02
1.041942525981884557e+02
1.142280393917355639e+02
1.140214867329123507e+02
1.107433586124745375e+02
1.046501787012566211e+02
1.048841027658403391e+02
1.157153662220665353e+02
1.110157453605863367e+02
1.069197327963862705e+02
1.168004711745015243e+02
1.091719808511577980e+02
1.075062067437977191e+02
8.106527706076015249e+01
1.123976137964458957e+02
1.339314431427659144e+02
1.148357570454876537e+02
1.172717406794603647e+02
1.031964332709521415e+02
1.013880351723340425e+02
1.124943061672060196e+02
1.261416010682455209e+02
1.204003315343346969e+02
1.212168584202613175e+02
1.209777224661859520e+02
1.072921102249726601e+02
1.072934814635883214e+02
1.050163209955679946e+02
1.143130263198061556e+02
1.155583386215819814e+02
1.019286783225821296e+02
1.191114655163737126e+02
1.233833491752614862e+02
1.187716670480375996e+02
1.129168688519027199e+02
1.140015669180225188e+02
1.150863111266254180e+02
1.068767685019705027e+02
1.136409196643017765e+02
1.031594965800743608e+02
1.136557890947582905e+02
1.056489836772686886e+02
1.220482587809241011e+02
1.112590207065589567e+02
1.070306012365869321e+02
1.041515598527820856e+02
1.108760431451222104e+02
1.143097684347686709e+02
1.100512930946455441e+02
1.177334453564100301e+02
1.146283158989875375e+02
1.162138480735809054e+02
1.132929793219418855e+02
1.069432494831916927e+02
1.139823150332777431e+02
1.111163986854184174e+02
1.141674608944713043e+02
1.078420350846089804e+02
1.153262253390859229e+02
1.180506670438256975e+02
1.141722209657694123e+02
1.129663659143001411e+02
1.287494654312938565e+02
1.150475785549982675e+02
1.218371387814380000e+02
1.087330956593730917e+02
1.069757200470029659e+02
1.035991884980534650e+02
1.178752416210497529e+02
1.152141679431851742e+02
1.178682856181190033e+02
1.164907840638057763e+02
1.231025325368852066e+02
1.138458584225747927e+02
1.145568440327666195e+02
1.165399048956622039e+02
1.240491803102008106e+02
1.159522428931458649e+02
1.046333709376314403e+02
1.077286156710745217e+02
1.108534876374422424e+02
1.095063309713473103e+02
1.036570156515271321e+02
1.214683987469136497e+02
1.108022823992631913e+02
1.157598853606646969e+02
1.159452527755912996e+02
1.008315538972595391e+02
9.180786955962572904e+01
1.226641473633759176e+02
1.114828931348710199e+02
1.150050651130908079e+02
1.150050651130908079e+02
1.316922414942793864e+02
1.077299806551098129e+02
1.128245029708783846e+02
1.056952498949762287e+02
1.262662805978505105e+02
1.137912138508681892e+02
1.071699457309934758e+02
1.031564948915436446e+02
1.171109321550254236e+02
1.052610255001282837e+02
1.129017505930342651e+02
1.061071389950621153e+02
1.031376502511292443e+02
1.197679215735833509e+02
1.279848838819770549e+02
1.060398203756142408e+02
1.275334967208219581e+02
1.174540093528635936e+02
1.202112080211635998e+02
1.161620333340011655e+02
1.158817701761064285e+02
1.154688733685138544e+02
1.221980164281433900e+02
1.161575031716307933e+02
1.299372526579613805e+02
1.057546335693290303e+02
1.214109731383811805e+02
1.202156613445153965e+02
1.122931626342843288e+02
1.091262554473158133e+02
1.272955734456628676e+02
1.032734804940897106e+02
1.318061042832905514e+02
1.264494085308167968e+02
1.242996785489590508e+02
1.242996785489590508e+02
1.132868417468388742e+02
1.326089553354177326e+02
1.054969380514725543e+02
1.183175983181865121e+02
1.206658880445166915e+02
1.103537912720691878e+02
1.143162327313058171e+02
1.133595524329837758e+02
1.199658944140185071e+02
1.026549821255174351e+02
1.346041797846681334e+02
1.268329453385546230e+02
1.348229584710966265e+02
1.162148165381756257e+02
1.165294115161866415e+02
1.222086518696820150e+02
1.219556655776294747e+02
1.118255992371504988e+02
1.135094859193694816e+02
1.196736840959174373e+02
1.108015839702777328e+02
1.352612115394299224e+02
1.212699124644219921e+02
1.158917271456478773e+02
1.158917271456478773e+02
1.158917271456478773e+02
1.150050651130908079e+02
1.362867441803314819e+02
1.093452913984679213e+02
1.163946073457955634e+02
1.115218806917900594e+02
1.206721875258559606e+02
1.165332167037019104e+02
1.209688208853593068e+02
1.069246477361113534e+02
1.255751869131788112e+02
1.351378038577187226e+02
1.088293367005128829e+02
1.244081836870416282e+02
1.124331829625424888e+02
1.168953161285467672e+02
1.270692791749698216e+02
1.316339375373905227e+02
1.115911589357965994e+02
1.088418639231088321e+02
1.161355598172034433e+02
1.227725594499161872e+02
1.135253771553893074e+02
1.143096971063562393e+02
1.124548275753802358e+02
1.352624882297303657e+02
1.198490137953544377e+02
1.117979447176621051e+02
1.295932270781891305e+02
1.180774594520699310e+02
1.079172021273992641e+02
1.099804673337490044e+02
1.231457654105168444e+02
1.400735071506901193e+02
1.388503397803631572e+02
1.151809084569831185e+02
1.297374400764891789e+02
1.177059072626176714e+02
1.124449373737219702e+02
1.171332109083382846e+02
1.179690115635824412e+02
1.228883594350347579e+02
1.218732613304914167e+02
1.218732613304914167e+02
1.170771097673562480e+02
1.151831064877467981e+02
1.210958300580198994e+02
1.081255506112107696e+02
1.166535364265874932e+02
1.261156211557646998e+02
1.248368683047665968e+02
1.160532957654742461e+02
1.116212377742028679e+02
1.272100888146697599e+02
1.137974204365427369e+02
1.275860191301160143e+02
1.212719672872370325e+02
1.042421067522836324e+02
1.299910120257572999e+02
1.292767383668916921e+02
1.137306405974380965e+02
1.321359014195998327e+02
1.155251145552309993e+02
1.038956251250129128e+02
1.185831742586018436e+02
1.289894512791896091e+02
1.304047484562019577e+02
1.189609569610133804e+02
1.272468819588474815e+02
1.296691136974070560e+02
1.263760273470916786e+02
1.126751989872287538e+02
1.250791345308095259e+02
1.319606225065937224e+02
1.124932577860373044e+02
1.381408271149436473e+02
1.381449752587617752e+02
1.284047247678070107e+02
1.383781809006971457e+02
1.217965514373096454e+02
1.238242978657794993e+02
1.347662081815954593e+02
1.325440729909676918e+02
1.185588267832111029e+02
9.755490237900963280e+01
1.188592674744395481e+02
1.445907337209040975e+02
1.276961524138696973e+02
1.253781039941058566e+02
1.129306779141328008e+02
1.152746788623808811e+02
1.428803229500896634e+02
1.248267593303404936e+02
1.284123860416063678e+02
1.332367778485092344e+02
1.245617812250146130e+02
1.125915720454267301e+02
1.265301505782795317e+02
1.231844243194270518e+02
1.398923341298378489e+02
1.274425222069094588e+02
1.288476178033064912e+02
1.147281052561220918e+02
1.363642484505843981e+02
1.387274743394672782e+02
1.191003518933733432e+02
1.299059438657853036e+02
1.451662872074259667e+02
1.295387370500125996e+02
1.245467401565602330e+02
1.252697577678355145e+02
1.282541735250034378e+02
1.177145305164392823e+02
1.189511386178761967e+02
1.226492254956678067e+02
1.237941998592417860e+02
1.142145191920853335e+02
1.101472046123774220e+02
1.243599271684318239e+02
1.186363968717744939e+02
1.218522143580023851e+02
1.252932618790778605e+02
1.304796895567306763e+02
1.360417003507363631e+02
1.435381629798399103e+02
1.549938970161842633e+02
1.180512106910768608e+02
1.208493116563285952e+02
1.281505474585369484e+02
1.204194873049755756e+02
1.291139595894900651e+02
1.561387041916348153e+02
1.412834297864664848e+02
1.504924991251315305e+02
1.449225804441994399e+02
1.227571616845778522e+02
1.220261807938452137e+02
1.342165656149784638e+02
1.259146769709678892e+02
1.314198393291852938e+02
1.306581669833273054e+02
1.393083182664655340e+02
1.404122577901578097e+02
1.244418832534237822e+02
1.327346442485501257e+02
1.533602650507651788e+02
1.594050227066197465e+02
1.517269875755056034e+02
1.172590217647821191e+02
1.562069800231579961e+02
1.551343086776801670e+02
1.328892735155657476e+02
1.392263051561381815e+02
1.375071216094723923e+02
1.242108408582927126e+02
1.377812582957840561e+02
1.248752430342059796e+02
1.274376788801855866e+02
1.190697386042133132e+02
1.287138459346680008e+02
1.199801707193711877e+02
1.343543661416686916e+02
1.251433257519208269e+02
1.429585607900534683e+02
1.419048519967268192e+02
1.411196749183940824e+02
1.548196067295384069e+02
1.527763217370920188e+02
1.343384411145778188e+02
1.324994439972551561e+02
1.172726469876001119e+02
1.358556724075907027e+02
1.184727544214929367e+02
1.035342514490164234e+02
1.155891783736420706e+02
1.459168756756556036e+02
1.352069545954389582e+02
1.425915622306864350e+02
1.306184461748062233e+02
1.329913475080794854e+02
1.504174973944321323e+02
1.281038592798021511e+02
1.585877232034753774e+02
1.463040869411940150e+02
1.416142986317467489e+02
1.524201810733840432e+02
1.574230460404740484e+02
1.551417357200145091e+02
1.166499681288363917e+02
1.556322633793407704e+02
1.550602638808833547e+02
1.568552076520624041e+02
1.542002277524136673e+02
1.679389943765074236e+02
1.680956610431740614e+02
1.681267974068104536e+02
1.681324362956993355e+02
1.681290791528421948e+02
1.175566294464844788e+02
1.343986732391463192e+02
1.282485621476302242e+02
1.411054458120751747e+02
1.542180273109416646e+02
1.394577353402191875e+02
1.264429897351790970e+02
1.264429897351790970e+02
1.352076300362777488e+02
1.587232116772123334e+02
1.459426397841697565e+02
1.213866788236675092e+02
1.377944988572622833e+02
1.355573387889335208e+02
1.391862640214271778e+02
1.355202893569291405e+02
1.346583262111176111e+02
1.505840320907656462e+02
1.458973707620449147e+02
1.337439991014211955e+02
1.229873567006143986e+02
1.492884173135808510e+02
1.422281393925140378e+02
1.220482587809241011e+02
1.397332131053714477e+02
1.343523581152762745e+02
1.527414705005384690e+02
1.682575709900154664e+02
1.517821665453251114e+02
8.127894802747459835e+01
1.359634624710970741e+02
1.197673483894420627e+02
1.027254721731024745e+02
8.148028943903922539e+01
8.803492543592520292e+01
1.257205358065183987e+02
8.170742273601840111e+01
1.102996719150641241e+02
1.139614809161452627e+02
9.622990691963960330e+01
9.552424768886476159e+01
1.126833272126037713e+02
1.371019795216780324e+02
8.106527706076015249e+01
9.529452042451683269e+01
1.127662496198386890e+02
8.172215888803833650e+01
6.581842681909985515e+01
8.184001603089546961e+01
1.172108259150614913e+02
1.149827635540430464e+02
1.033705693727598742e+02
1.178184774519281603e+02
8.145200177404812791e+01
1.122738318832514466e+02
1.434785608372789909e+02
1.128921269859227010e+02
8.154567634380111940e+01
9.907020075993270325e+01
8.191597251956818582e+01
8.126025755128411276e+01
1.104391228090613879e+02
1.100528263692056612e+02
8.127894802747459835e+01
1.100708563032046925e+02
8.137811469414126009e+01
8.127894802747459835e+01
7.613505052153004726e+01
9.623415484521916596e+01
6.620251982251350853e+01
6.149591689000149586e+01
1.022148892590531375e+02
1.314183773372227506e+02
1.184480574959615211e+02
8.127894802747459835e+01
1.115679983595315008e+02
1.170343594422248259e+02
8.172315786051595410e+01
8.178917925458083005e+01
1.175358397640462300e+02
9.637366519886828087e+01
1.128331980467477109e+02
1.154829569287223450e+02
1.151831064877467981e+02
1.137454128007987464e+02
1.267478471330337157e+02
1.034680215097954630e+02
1.281296284822450389e+02
1.197895789055675095e+02
8.126025755128411276e+01
9.948502321396932757e+01
1.154677788728231604e+02
8.098621908974565997e+01
8.133931552229860529e+01
8.173179420384056471e+01
9.669188991667247990e+01
8.124014885563194355e+01
1.101337800027732641e+02
1.083548185887518116e+02
9.561587401123865959e+01
1.157186339942654314e+02
1.038232049267907513e+02
1.112884328522707875e+02
1.211202515118845753e+02
1.159978998817644538e+02
1.192735111577967189e+02
1.115845174562860223e+02
8.181660762266719189e+01
8.076121908974565144e+01
1.127920857131449708e+02
8.058090260710864072e+01
9.143297202581500471e+01
1.065415096127770624e+02
8.159075058921155232e+01
1.174983581024995232e+02
1.018746466935722452e+02
1.098407464076458808e+02
1.147255641912305748e+02
1.140599356898337362e+02
8.135800599848909087e+01
1.156642649663962317e+02
1.049612229520741522e+02
1.141042439073101917e+02
1.174674564742731064e+02
1.145527782167944082e+02
1.102841537077880218e+02
1.145246482463136175e+02
1.125259249522810165e+02
1.349080523578351176e+02
1.464304263015782226e+02
1.199476391888969573e+02
1.105340313313445648e+02
1.180856504715653728e+02
1.232818452522631532e+02
1.091168205869231826e+02
1.215600367153593595e+02
8.138940917764693950e+01
8.138940917764693950e+01
1.049714089939456585e+02
1.128207249595812698e+02
1.164580708391887072e+02
1.216907078747677957e+02
1.194297170619197885e+02
1.155691203408462826e+02
1.445922077108564565e+02
1.326260714826440221e+02
