9.266718296597564120e+01
1.190542500356112043e+02
1.041684804512318578e+02
7.919952390166608325e+01
9.731569111706652109e+01
1.262024087521909905e+02
1.022401743647895671e+02
1.198994780325731710e+02
1.029796771611578663e+02
1.022805329581639313e+02
7.927055986643959784e+01
1.053013714599701416e+02
9.588487457890616383e+01
8.227021205652559388e+01
9.711594941776513679e+01
1.052834748966986353e+02
1.032453301788676185e+02
9.466307038039012411e+01
8.179821612144044707e+01
8.209058088752232152e+01
8.209058088752232152e+01
9.783820034055644044e+01
1.069344022773986183e+02
8.152160294945628038e+01
8.179821612144044707e+01
1.150741731565020416e+02
8.179821612144044707e+01
1.111774452009804861e+02
1.149803983975277646e+02
1.080853405939440393e+02
1.069746871538488335e+02
8.119152479451338422e+01
8.166157788679963403e+01
1.023888062524346054e+02
1.171605698788850134e+02
1.101019675143228653e+02
1.126492115401219536e+02
1.028304369756427548e+02
1.076648738313583920e+02
1.160700425248042791e+02
1.038788134812861870e+02
1.052311725769418445e+02
1.043232289696005779e+02
1.305252787316050558e+02
1.055335953133548230e+02
1.067095405156238712e+02
1.056748141834758883e+02
1.234699224841205449e+02
1.138517401218602743e+02
1.176197405944457728e+02
1.088886832885630156e+02
1.080790411189567948e+02
8.162361212183643033e+01
1.163837375626659423e+02
1.033655700125282522e+02
9.190046218468178552e+01
8.117876265823697679e+01
9.964680766515390076e+01
1.062538966977581936e+02
1.097722420345714767e+02
9.725383988874725105e+01
9.792840326732459744e+01
8.179821612144044707e+01
8.162361212183643033e+01
8.184272235589332922e+01
1.307360837397168893e+02
8.179821612144044707e+01
1.085319360645920312e+02
1.245936455523879971e+02
1.023698535081141614e+02
1.035504431958000424e+02
1.072896176210008718e+02
1.046774286683353097e+02
1.023412552955358734e+02
1.027047007912676690e+02
1.011009436287680501e+02
1.019640787143638221e+02
1.022186287201254231e+02
1.079146913439017368e+02
1.035205244996396345e+02
1.184429360532446225e+02
1.150197670055192276e+02
1.117910166684113875e+02
1.063010598855599227e+02
8.171131135953567082e+01
1.203005958215371862e+02
1.113063972229236782e+02
1.053793752916092501e+02
1.148051813017796690e+02
1.056477302939303939e+02
1.139809129152969405e+02
9.741029718377419044e+01
1.114338108320480529e+02
1.007857871095035023e+02
1.177063071371790386e+02
9.727672159601196711e+01
9.992337655205861324e+01
1.053822803550234113e+02
1.156117023358692961e+02
1.190956511313496549e+02
1.166721130870472791e+02
1.179226252798098642e+02
1.232938818034236874e+02
1.047907660397518157e+02
1.191823706387806965e+02
1.041756918072451015e+02
1.160711635945931448e+02
1.169820287549134576e+02
1.154191843716974972e+02
1.109747961899366402e+02
1.066259014560000935e+02
1.018833913490389591e+02
1.090621345119122196e+02
1.063746572585025518e+02
1.058284761540066228e+02
1.164920133420902886e+02
1.093560714839303927e+02
1.084699083107805251e+02
1.020363690444134903e+02
8.179821612144044707e+01
8.179821612144044707e+01
1.121376172171439407e+02
1.277227619693255178e+02
1.147838462965986253e+02
1.022747364227010110e+02
1.013088601627044909e+02
1.114489606945548275e+02
1.240046596570545034e+02
1.206745316860658619e+02
1.241273947947028233e+02
1.232545568290913707e+02
1.050911890840851015e+02
1.054247690598297140e+02
1.100873847033779214e+02
1.069272023971565346e+02
1.137431903350786939e+02
1.014295124416665743e+02
1.041456346615010631e+02
1.204709943296754346e+02
1.249916323413077066e+02
1.237399719660972863e+02
1.128528140106063944e+02
1.143350686998897316e+02
1.188556373991547304e+02
1.174017441277164977e+02
1.036009997131516798e+02
1.084626051228056838e+02
1.094230359652805618e+02
1.045079253176892564e+02
1.021792789859779873e+02
1.051544297680541149e+02
1.243281537556216136e+02
1.141918714527455307e+02
1.117230386318860411e+02
1.078626592877405983e+02
1.093079418174815345e+02
1.217565679282793099e+02
1.134660398763341078e+02
1.175354311280150057e+02
1.105632925020443196e+02
1.081471817745978825e+02
1.147013482039137244e+02
1.108056109716950886e+02
1.172866778575293409e+02
1.171938018047305690e+02
1.027648187529245547e+02
1.126615846772494081e+02
1.167763114916670304e+02
1.078886168556531686e+02
1.216688194456575332e+02
1.335734156509162176e+02
1.155943159729806951e+02
1.300350350464327960e+02
1.044285565179854416e+02
1.086433134319026124e+02
1.076865289426782937e+02
1.209978261320951134e+02
1.172180807718652602e+02
1.151868233886115576e+02
1.160055327586866412e+02
1.312393818555578093e+02
1.146295941030307262e+02
1.149062210672941688e+02
1.149569351982911343e+02
1.349949058805689788e+02
1.163939720876238368e+02
1.014334358373195073e+02
1.047296022417648373e+02
1.124184672928405035e+02
1.020638805018937205e+02
1.007783485062038835e+02
1.214876769086398838e+02
1.083872079522240170e+02
1.190600297304061712e+02
1.087238642615579209e+02
1.071061955635590834e+02
1.018287461745117071e+02
9.021923093539085414e+01
1.202959882515063441e+02
1.144464814159084654e+02
1.148935569571932263e+02
1.148935569571932263e+02
1.267381742480345679e+02
1.064177482812369817e+02
1.104754161452698327e+02
1.289491416161237396e+02
1.170170186355875046e+02
1.038586961356944443e+02
1.030900765803599626e+02
1.185161356567222271e+02
1.079332319274907945e+02
1.129066729218044571e+02
1.087263992650318869e+02
1.074008254731126470e+02
1.110124801394696021e+02
1.135143863351558622e+02
1.350225068735232412e+02
8.238886623751449179e+01
1.042562574471189834e+02
1.306025268956145737e+02
1.107636898925915858e+02
1.232668145634131207e+02
1.178652980707623783e+02
1.176919754741274318e+02
1.137841060575538705e+02
1.210375057929590383e+02
1.204116284860602519e+02
1.318746998678319926e+02
1.090772347573492880e+02
1.236266432267222655e+02
1.197193196358743421e+02
1.066296017101580986e+02
1.111546207651418001e+02
1.322720051188572086e+02
1.039172397633844014e+02
1.253974641186935628e+02
1.344312853524331217e+02
1.252948405227486575e+02
1.252948405227486575e+02
1.176290158587855501e+02
1.032203801532535010e+02
1.200651892723656999e+02
1.260515025617163190e+02
1.123661706012141934e+02
1.122240659303487149e+02
1.180284844427128235e+02
1.149098641527081099e+02
1.038328294413702224e+02
1.385951351761155763e+02
1.315759930452502147e+02
1.390137930462344968e+02
1.158421241538528221e+02
1.161753177736200087e+02
1.306554793797096750e+02
1.304729667010220169e+02
1.179413086937691730e+02
1.266832008860691587e+02
1.155549979460742236e+02
1.319017057649840012e+02
1.234699224841205449e+02
1.169730483510691954e+02
1.169730483510691954e+02
1.416767920332558788e+02
1.109747661965419638e+02
1.159503693279945793e+02
1.111233299567095258e+02
1.199563606676943550e+02
1.168511746796952764e+02
1.065201630840236220e+02
1.300268246814797806e+02
1.364875888622945865e+02
1.102251302861097741e+02
1.266053250529665775e+02
1.199755957499848904e+02
1.284779912030509479e+02
1.319543641553939324e+02
1.141356220124162633e+02
1.079582087901206933e+02
1.136606280142936214e+02
1.198088121713559246e+02
1.120953576709017057e+02
1.236221613848011742e+02
1.391204858857605302e+02
1.244527704241915274e+02
1.110434478633693942e+02
1.189364010492504491e+02
1.185990866242311768e+02
1.052613636694066486e+02
1.134056286772989353e+02
1.389391944304518063e+02
1.382719510995853796e+02
1.185569488760668548e+02
1.147373700730938282e+02
1.216210261250579379e+02
1.186554115222753154e+02
1.127792161316396573e+02
1.157957114643082122e+02
1.178732540893635843e+02
1.247722753656351955e+02
1.247722753656351955e+02
1.137387083411105095e+02
1.171887303138185956e+02
1.177830528649055992e+02
1.070526533786555916e+02
1.178288090059751312e+02
1.209068679198178557e+02
1.310192361132287715e+02
1.104611025190876177e+02
1.275459680017184070e+02
1.111365346609557463e+02
1.170904845152849418e+02
1.202242369601870848e+02
1.079915407211656060e+02
1.234938741495952002e+02
1.232743250588321899e+02
1.332474539687045194e+02
1.058156789553932668e+02
1.140899633636927888e+02
1.164503753253026872e+02
1.293500765412743476e+02
1.244249891165770521e+02
1.279308652209751784e+02
1.244092050911357177e+02
1.337601054731744910e+02
1.393804992846705773e+02
1.241214190501333974e+02
1.293144227607905918e+02
1.179771336720231290e+02
1.195571994341967894e+02
1.320785120401048118e+02
1.152986668191984023e+02
1.334388041602021246e+02
1.327663348933926954e+02
1.313268767875010212e+02
1.102101669257364023e+02
1.107742385022136631e+02
1.343538122444212490e+02
1.321706094811612218e+02
1.207009782412798842e+02
1.318666840475824245e+02
1.330494878024707077e+02
1.385732631931323340e+02
1.331775655214272547e+02
1.231341881947418244e+02
1.307699454915343722e+02
9.769990116335753783e+01
1.222153331886284633e+02
1.413134443107540505e+02
1.336666323596492418e+02
1.270419195637582561e+02
1.164291947784533221e+02
1.170574024148650238e+02
1.393070700199594967e+02
1.295271408188793885e+02
1.312884333267680006e+02
1.379501375239468643e+02
1.286991323397949714e+02
1.223102926614381829e+02
1.094089288599273715e+02
1.125398461997811381e+02
1.383947600727479426e+02
1.240085411223805352e+02
1.374621950673077322e+02
1.333440569763493784e+02
1.166402750920587863e+02
1.419437359422094858e+02
1.330176950105290530e+02
1.223278482985969191e+02
1.264497801763061489e+02
1.404526274750349728e+02
1.362647922749946474e+02
1.299465612377674120e+02
1.304509928611809642e+02
1.311215069386068137e+02
1.197732202714411471e+02
1.215558910151113707e+02
1.202090387911715936e+02
1.187437785463619093e+02
1.144322049281849019e+02
1.057923232798933384e+02
1.316654195886555669e+02
1.202836081707906430e+02
1.271030584440307365e+02
1.471441783607494642e+02
1.292102223315654328e+02
1.358997938937038157e+02
1.345534603476351947e+02
1.558272779496449232e+02
1.206189341338559728e+02
1.252424746238988575e+02
1.326367082735992255e+02
1.293757948027153475e+02
1.572858736891343767e+02
1.461882655003081481e+02
1.485136288946582397e+02
1.442948822248794158e+02
1.230014680330600640e+02
1.248338457728107471e+02
1.287877638433926677e+02
1.258171175476633294e+02
1.290971989179791990e+02
1.153097737340600304e+02
1.270994583448065072e+02
1.426841794277273436e+02
1.478083010807112032e+02
1.241922525081518387e+02
1.518972843066501923e+02
1.568958979120202173e+02
1.509139984784308979e+02
1.200546259651617902e+02
1.498021151547296483e+02
1.424912640158580075e+02
1.442617778930758448e+02
1.354327733244421381e+02
1.200432509781073946e+02
1.328056371142388912e+02
1.340386536311224006e+02
1.216973270353703072e+02
1.248471659049615141e+02
1.428017515747826565e+02
1.338117271042438006e+02
1.369935333551626115e+02
1.252491227332053256e+02
1.439944671368070317e+02
1.470958958963425118e+02
1.436355613168178138e+02
1.548457754140564759e+02
1.483379734879986245e+02
1.517822035229161486e+02
1.344095557219329180e+02
1.255395905892218877e+02
1.180006846412706949e+02
1.385207359600808559e+02
1.180268860307498642e+02
1.044473659858810208e+02
1.149268142745810906e+02
1.404932266397315459e+02
1.411952099344189264e+02
1.350173589882606677e+02
1.447065789557392179e+02
1.517787811098115753e+02
1.366694072389406074e+02
1.572604222269518743e+02
1.410239114155008338e+02
1.463354074338958242e+02
1.547942065865073289e+02
1.548924888518619696e+02
1.215641943550195094e+02
1.528521506042606291e+02
1.556518344767909525e+02
1.546978848563983604e+02
1.472652742321195376e+02
1.456777124642804324e+02
1.330601970780996055e+02
1.648220496454823660e+02
1.647814955914283246e+02
1.640080786030113416e+02
1.649919940899268340e+02
1.205310103112593652e+02
1.339510751368422916e+02
1.335895707740396006e+02
1.408047999200367713e+02
1.515722461603276372e+02
1.359854186339103705e+02
1.195546399634543633e+02
1.195546399634543633e+02
1.363598823092361556e+02
1.597205183153587598e+02
1.308016067553056985e+02
1.445746878037252259e+02
1.221309193119180208e+02
1.396871551404514946e+02
1.352775535148956294e+02
1.295937122982423659e+02
1.448740618082719891e+02
1.320209835048838158e+02
1.513849916662662167e+02
1.459200417739046998e+02
1.381900721985157645e+02
1.369966608568294362e+02
1.245725793564098325e+02
1.511492946977575684e+02
1.486927959049624519e+02
1.451188565480216255e+02
1.421585116362951169e+02
1.290198143486157676e+02
1.438584376726891492e+02
1.600947575742943343e+02
1.511176032009395271e+02
8.119152479451338422e+01
1.484458601232798003e+02
1.221802818065259544e+02
8.100917725900796995e+01
9.147041553105361800e+01
8.150380010902185290e+01
9.614172019548072967e+01
8.614767854508502865e+01
1.260201686476775080e+02
8.168496120548022077e+01
1.082598592936097504e+02
1.008535983194173298e+02
1.124376527353484221e+02
7.660636733663740472e+01
1.152869727989552473e+02
1.080863504953370580e+02
8.179821612144044707e+01
1.137224204383811923e+02
8.230196147560974396e+01
5.810735746289422821e+01
8.230196147560974396e+01
5.463399749354133661e+01
1.245747724332023978e+02
1.243305903663079164e+02
1.047218151209400219e+02
1.243595996084201261e+02
8.250948178071729444e+01
1.143484909121615374e+02
1.410200111562540712e+02
1.008535983194173298e+02
8.201518568195893977e+01
1.020148277409073501e+02
8.222654924144750055e+01
1.097722420345714767e+02
8.133149973185675208e+01
1.090788682051003917e+02
8.170007411014053389e+01
8.140796172016084142e+01
7.056021807607655205e+01
9.767391866334419603e+01
6.854500270316653143e+01
6.468106464986809101e+01
9.204835548516851418e+01
1.399134827273247197e+02
1.267329347461270004e+02
8.130692997412909051e+01
1.086856892835333355e+02
1.122786116693057039e+02
8.166157788679963403e+01
1.198773605190121572e+02
9.788833583774203362e+01
1.035736106278761071e+02
1.135270124641937173e+02
1.173172397687169308e+02
1.171887303138185956e+02
1.178992900349908410e+02
1.336632701537226353e+02
9.731722304999287587e+01
1.297389284021127764e+02
8.162361212183643033e+01
1.041684804512318578e+02
8.171051688374120658e+01
8.179821612144044707e+01
8.181176321805205021e+01
8.189946245575129069e+01
9.985317841500582858e+01
8.171131135953567082e+01
1.082076402061548350e+02
9.605959994828371862e+01
1.196242606306035299e+02
1.101303010321936711e+02
1.163950761409393237e+02
1.119112037973377483e+02
1.164376803375442933e+02
1.110124801394696021e+02
8.230196147560974396e+01
8.065720575428255756e+01
8.119152479451338422e+01
1.150447078518603519e+02
8.161339469286900794e+01
9.272860921199531958e+01
1.037490666550194334e+02
1.160133432926082122e+02
8.233402579267405486e+01
1.225296777285181236e+02
1.061584516452642362e+02
1.176107784718653164e+02
1.159644161221444421e+02
8.171131135953567082e+01
1.212141379621827326e+02
1.008230556132779583e+02
1.166592183948218349e+02
1.218227660140492361e+02
1.108001732745175048e+02
1.094965947947032845e+02
1.106506361895655743e+02
1.260286433463055715e+02
1.498124960645046997e+02
1.134252012018665710e+02
1.233815810432166415e+02
1.257425639540791593e+02
1.510312332838118436e+02
1.073888849689064529e+02
1.139960388480392055e+02
8.194804120498262989e+01
8.209058088752232152e+01
1.035771466934267835e+02
1.057884500794988583e+02
1.116204335216498151e+02
1.110434478633693942e+02
1.167335432287210466e+02
1.192173229321774670e+02
1.423768334647421057e+02
1.368233517938559203e+02
