9.293748894645774783e+01
1.195453393813518375e+02
9.978713139916125385e+01
1.096346054126930767e+02
1.024807364550584907e+02
1.225557053082564778e+02
1.004256721848952054e+02
8.133858066505301565e+01
1.016789343687801050e+02
9.541351426752571285e+01
1.011202032502126400e+02
8.179937961863507212e+01
1.030936069219311690e+02
1.070833477469345212e+02
9.564494730394518740e+01
9.907521529208231925e+01
8.120006579890886655e+01
8.154107228922740092e+01
8.154107228922740092e+01
9.990595381177740819e+01
1.162771932365426437e+02
1.142781400647355241e+02
8.194510415111440693e+01
8.120006579890886655e+01
1.118520746182424546e+02
8.120006579890886655e+01
1.169032342270884754e+02
1.053522385047783274e+02
1.047913850737823935e+02
8.096686935125930518e+01
8.191714471069573733e+01
1.057285549230882111e+02
1.041770466578878427e+02
1.180978842996762666e+02
1.083285408958827674e+02
1.038970075586246793e+02
1.054090344928771259e+02
1.152021433489563975e+02
1.075391566557639749e+02
1.027290156062005764e+02
1.026875115402072822e+02
1.171687972352916205e+02
1.294904848898135015e+02
1.037719438443090496e+02
1.062370198071019445e+02
1.027657247687097026e+02
1.223823714854746356e+02
1.136124296838024605e+02
1.170838547465189805e+02
1.076389951581744242e+02
8.154107228922740092e+01
1.049151857048963876e+02
1.065549318730632393e+02
8.244345458427123674e+01
1.144181317499061521e+02
8.114051718779776934e+01
1.020237198158037160e+02
9.467566090032997295e+01
8.092713954663811649e+01
1.106586915683435706e+02
1.000562754742423550e+02
1.053991257451424559e+02
1.013401169279855623e+02
1.127486096335819639e+02
1.044160055272916026e+02
1.003731210361641786e+02
8.120006579890886655e+01
8.114051718779776934e+01
8.146919728922739523e+01
1.277873039568824112e+02
8.120006579890886655e+01
1.050410613999133318e+02
1.256905135972257455e+02
1.042423343076968081e+02
1.060512525015330709e+02
1.024798041764980780e+02
1.001574261079451276e+02
1.103964948495544007e+02
1.102721368033875393e+02
1.021939732477819689e+02
1.015187479321721611e+02
1.030378280981897490e+02
1.019670242333455406e+02
1.182980147190392870e+02
1.215545949426995946e+02
1.120878747960610724e+02
1.128694347827576792e+02
1.117333814116718997e+02
8.114051718779776934e+01
1.191689216018155548e+02
1.146613987959978402e+02
1.021874655589758589e+02
1.165424230013683768e+02
1.102645456597293787e+02
1.092555212323237868e+02
9.525030322367945246e+01
1.105735252545219254e+02
9.997323702262403344e+01
1.118873743672317005e+02
9.485335886506096870e+01
9.650515530749500215e+01
1.043300630829616438e+02
1.049974277827346327e+02
1.142931347653662755e+02
1.131896973575204584e+02
1.184149392488713772e+02
1.183242265361694905e+02
1.092163575651851346e+02
1.201334243452318731e+02
1.080646660992801174e+02
1.163353011006132363e+02
1.134130099580489599e+02
1.176058959965427277e+02
1.083001539809099114e+02
1.051633113551643675e+02
1.032295561819919385e+02
1.166489142878849208e+02
1.151005329454832093e+02
1.030371503812691572e+02
1.170683876303856579e+02
1.092415587996500932e+02
1.064618050845468531e+02
1.042841723340680034e+02
8.120006579890886655e+01
1.164117920954394378e+02
1.345636437130429215e+02
1.151271889577536029e+02
1.208087906182919795e+02
1.039376022829229527e+02
1.018242703852119888e+02
1.064845778187158203e+02
1.219173330930540402e+02
1.230192023236657519e+02
1.224066769243629551e+02
1.232500975415520372e+02
1.043990703655603625e+02
1.050923998746274606e+02
1.104211493657714271e+02
1.060007783536311763e+02
1.085189386972293732e+02
1.059469914871360317e+02
1.031250376918342084e+02
1.203034858590127243e+02
1.240342224802061253e+02
1.216125153653444499e+02
1.100634614203408574e+02
1.147792915845000152e+02
1.178878624693699919e+02
1.023408659658633297e+02
1.030451672002480450e+02
1.094626831696429718e+02
1.026396830224680485e+02
1.048741239879707621e+02
1.283810553170754645e+02
1.118997695221290343e+02
1.090235609329455002e+02
1.050226120018426457e+02
1.082909483711482039e+02
1.178392071963163517e+02
1.084092820294139585e+02
1.237425571009011094e+02
1.182455024153045713e+02
1.147774105723331388e+02
1.136646949507378679e+02
1.062871459431371335e+02
1.202901178171443775e+02
1.177137549406090784e+02
1.062863109756225555e+02
1.149744316004178586e+02
1.148315599227750852e+02
1.212312997898107909e+02
1.363109527362608162e+02
1.262233436495048551e+02
1.064778979496983879e+02
1.063241055647857252e+02
1.060120534034090838e+02
1.221144415665115730e+02
1.147688114448951069e+02
1.281830057690874298e+02
1.155879997680152655e+02
1.168889177621696973e+02
1.290604863317342961e+02
1.182781370498329352e+02
1.027615202975902946e+02
1.114739122284820070e+02
1.174248048945251526e+02
1.011189987468815730e+02
1.236358010565014354e+02
1.107045880617452269e+02
1.188195082217335994e+02
1.146208728538979074e+02
1.012392666660639975e+02
1.022865257817915818e+02
8.582602400345044202e+01
1.255887129125364083e+02
1.147055768092706671e+02
1.147338131115401012e+02
1.330141058823894582e+02
1.043011247854895061e+02
1.116216312970330762e+02
1.092492640215663613e+02
1.172553590773018470e+02
1.049628052253271875e+02
1.019756826307398541e+02
1.193324076194291905e+02
1.051561199966755282e+02
1.156527233607739760e+02
1.053672675337666220e+02
1.043931501702685694e+02
1.072140899040145996e+02
1.159632338798876958e+02
1.295796186293775634e+02
8.259939787130826971e+01
1.050712062212916749e+02
1.299287430070447726e+02
1.099364837430626380e+02
1.255779286383386619e+02
1.181590149013533875e+02
1.139684454338319028e+02
1.226067737615157967e+02
1.225760529464854045e+02
1.294359857742944371e+02
1.092578108633885563e+02
1.072414971127762584e+02
1.250570209324300208e+02
1.205782065010594550e+02
1.107906781806675127e+02
1.165776661650961188e+02
1.293705060434907068e+02
1.044742589318648669e+02
1.336430863172043360e+02
1.254361613587706472e+02
1.249629742702906441e+02
1.256222907238957021e+02
1.256222907238957021e+02
1.308752266388227667e+02
1.022568663297945477e+02
1.199636348588668397e+02
1.294784568580674318e+02
1.116564477760605740e+02
1.111571169563374184e+02
1.161448393465647939e+02
1.163091217360914129e+02
1.028181896864344225e+02
1.385073257500474995e+02
1.293279203323724289e+02
1.328172556955038601e+02
1.175037441192075107e+02
1.281546474056889906e+02
1.270161958025874327e+02
1.121328434465536787e+02
1.167367837745410242e+02
1.229748600744721472e+02
1.158780433612225238e+02
1.299918674913490975e+02
1.223823714854746356e+02
1.175062845953623167e+02
1.175062845953623167e+02
1.175062845953623167e+02
1.147338131115401012e+02
1.314318152944815665e+02
1.060342448889134346e+02
1.091772917105074470e+02
1.239684289195929523e+02
1.148217033136834004e+02
1.230476993066259439e+02
1.055574794103460619e+02
1.270226382338868234e+02
1.378838548256857734e+02
1.070871732120770048e+02
1.259773344431384174e+02
1.081052103499328894e+02
1.195070264341640893e+02
1.309659569873562077e+02
1.134555880952738391e+02
1.059260599121767399e+02
1.121058552874222727e+02
1.137883131843231723e+02
1.259061659770861752e+02
1.121045056168166383e+02
1.167881966716773405e+02
1.078244085258429408e+02
1.268528662583371016e+02
1.373046268715241069e+02
1.245404657354996374e+02
1.091142541635813785e+02
1.316882146907036883e+02
1.198967442880080227e+02
1.103258459545305072e+02
1.100444556397629867e+02
1.127223193418771956e+02
1.383334485930596713e+02
1.384028316852317744e+02
1.165276064130484599e+02
1.149740175554291852e+02
1.217401815909748990e+02
1.195650487183552571e+02
1.129782091580287329e+02
1.178051683835275441e+02
1.148858945833558352e+02
1.171197399788970586e+02
1.252478396470170310e+02
1.252478396470170310e+02
1.135447902481041922e+02
1.043837048008375206e+02
1.183331677207719537e+02
1.272012363600741054e+02
1.314170191022353436e+02
1.177141395733830223e+02
1.083099584972913760e+02
1.124962893760745999e+02
1.256152122537509399e+02
1.212842784583494193e+02
1.063347527423955086e+02
1.308135737975934489e+02
1.174159277348477843e+02
1.311976265535319897e+02
1.148527070198508397e+02
1.027564668285774871e+02
1.103292760650380302e+02
1.131917336498864017e+02
1.262159006248875812e+02
1.347526508448324876e+02
1.289680617523001160e+02
1.250200170417826797e+02
1.278828095539385714e+02
1.322727598866841845e+02
1.390818118285163791e+02
1.266143030900091873e+02
1.236937138718139266e+02
1.166607627543897081e+02
1.192203665823060703e+02
1.124415068346180249e+02
1.291222228843753044e+02
1.274243312403616812e+02
1.293166790400071875e+02
1.091938939706943756e+02
1.364607364766187061e+02
1.335483787349073168e+02
1.090316414832277303e+02
1.323051889483734556e+02
1.177656268834171982e+02
1.301669706149931471e+02
1.353958253773678848e+02
1.343044295311447343e+02
1.309514916596714613e+02
1.214971129602586188e+02
1.288329023131776410e+02
1.144840887214092930e+02
1.259034306271075963e+02
1.476337536731246303e+02
1.336996153148343183e+02
1.284078244393566592e+02
1.177730680310533415e+02
1.451867222222597036e+02
1.323344571751752312e+02
1.292033386458037114e+02
1.389165414768723679e+02
1.284195244353135763e+02
1.320280082145480378e+02
1.202016679754643604e+02
1.394868416757598197e+02
1.242693473024777688e+02
1.305266245905161497e+02
1.282222235693951120e+02
1.149088098255915185e+02
1.401348585156628133e+02
1.327745125921527460e+02
1.335103170366454037e+02
1.383425509403347178e+02
1.308405777504032415e+02
1.318216212910183458e+02
1.330509409907657812e+02
1.196091112176488025e+02
1.242551540386954798e+02
1.251486670368188072e+02
1.070869791561099333e+02
1.223600911599787793e+02
1.260228928849489165e+02
1.402950616295051987e+02
1.276012268257939439e+02
1.329808197693149907e+02
1.435320674858065217e+02
1.374416877731178204e+02
1.576903950903433156e+02
1.196699253893108761e+02
1.333648280466341873e+02
1.367314145893974739e+02
1.347146677339664507e+02
1.280532660463346133e+02
1.552985392161058940e+02
1.425009361036605355e+02
1.520651266452038044e+02
1.216511420559183421e+02
1.290248202507961537e+02
1.354688762855861626e+02
1.278854168658555182e+02
1.277309415020029348e+02
1.123286175061477081e+02
1.394393026442257622e+02
1.264050521492737147e+02
1.355766821375446227e+02
1.579964816002375301e+02
1.509425590881369033e+02
1.179221400493715635e+02
1.547886910280831501e+02
1.374430735810854003e+02
1.392172548970123103e+02
1.415841436889517126e+02
1.362628737661364369e+02
1.257897883488832207e+02
1.386979502479275368e+02
1.248936455221021475e+02
1.327108910929947285e+02
1.208783832023856775e+02
1.268783198041261358e+02
1.402257435565511230e+02
1.232375109490785405e+02
1.294382052382030963e+02
1.332753891869557776e+02
1.278410880816772419e+02
1.436659150419479829e+02
1.393814376512551405e+02
1.475953818771188821e+02
1.547031526478514252e+02
1.400605223294768678e+02
1.382272275399904800e+02
1.253366074397765857e+02
1.330543578877590960e+02
1.037172614824703771e+02
1.502865615653754503e+02
1.389660159817121610e+02
1.456989174370085607e+02
1.295384898169318149e+02
1.401283807656986085e+02
1.538706908095173560e+02
1.347049343703426416e+02
1.572275887707567676e+02
1.382359920482958273e+02
1.399247002386542533e+02
1.506418903930935471e+02
1.567958819186908386e+02
1.564921719658789527e+02
1.210577270517982242e+02
1.556138429830547523e+02
1.555948514761969079e+02
1.568955409507941852e+02
1.516915904308361291e+02
1.422593662517452913e+02
1.309419838281535817e+02
1.648502584173938885e+02
1.650383104520923894e+02
1.646664026717388936e+02
1.643628197057945499e+02
1.211090931217609210e+02
1.391664391150957840e+02
1.329405370821501720e+02
1.537730524112024000e+02
1.620628648633477837e+02
1.387955893301111701e+02
1.260459436929118198e+02
1.260459436929118198e+02
1.371495554161760992e+02
1.588228784825280115e+02
1.333817907932778439e+02
1.504382241354743996e+02
1.217499150484400161e+02
1.378267611023766221e+02
1.364419840846101408e+02
1.343158692167643835e+02
1.374461490292532631e+02
1.451360956970175664e+02
1.337296294068015641e+02
1.297433310433683857e+02
1.263116124654738428e+02
1.511985066299317850e+02
1.539563094880940355e+02
1.403570995266421733e+02
1.283810553170754645e+02
1.426954292578386685e+02
1.256211895740900388e+02
1.406747678932013628e+02
1.573888786891214977e+02
1.684636553010201112e+02
1.523167131030327539e+02
8.077840781279775229e+01
1.204555902216106205e+02
8.228617892945344181e+01
1.097778158893391094e+02
8.207379980328832403e+01
9.691551231338220873e+01
1.261448640622563886e+02
8.231601153694816730e+01
1.072561151158975434e+02
1.170466023413612362e+02
1.366694029994332595e+02
9.454810131278165386e+01
1.167244324661940880e+02
8.247070221913435262e+01
5.644839017548378024e+01
8.247070221913435262e+01
7.044128365858003349e+01
1.200889941533293950e+02
1.214907754921125900e+02
1.223210680891871363e+02
8.150475127199936765e+01
1.169516724402203778e+02
1.348427322203324081e+02
1.072561151158975434e+02
8.195603471122765882e+01
9.819471468645681966e+01
8.358597642329408473e+01
8.114051718779776934e+01
1.127486096335819639e+02
1.148620887801357071e+02
8.096686935125930518e+01
1.131154064240721056e+02
8.146919728922739523e+01
8.129554945268893107e+01
9.863031736524146709e+01
6.936454551413197578e+01
1.025824157260531706e+02
1.346435941942208387e+02
1.236514743200717987e+02
8.123477977676301975e+01
1.148673251144917060e+02
1.153092454790890145e+02
8.152874590033852087e+01
8.188533826482678535e+01
1.219165844491000286e+02
9.570064264055500303e+01
1.016403183753340187e+02
1.136866823377065288e+02
1.174709084038407383e+02
1.177167429015627960e+02
1.146815781541271946e+02
1.325833914824289366e+02
1.000699014912263607e+02
1.325916708961838708e+02
1.226281446026118118e+02
8.114051718779776934e+01
9.978713139916125385e+01
1.152926188695177245e+02
8.114051718779776934e+01
8.133652413224220368e+01
8.141766793866604246e+01
9.946262427590674804e+01
8.120006579890886655e+01
1.126061829369046876e+02
1.038518071018072249e+02
9.456381991692262545e+01
1.193899132575391917e+02
1.016432386680575206e+02
1.250988813180081820e+02
1.188228841238578042e+02
1.155890716237726110e+02
1.135987782882661890e+02
1.072140899040145996e+02
8.247070221913435262e+01
8.185466968714916902e+01
8.077840781279775229e+01
1.121345170855753253e+02
8.117607117056974175e+01
9.165994626810878287e+01
1.022302517556611150e+02
1.166124656792380563e+02
8.231932263982679387e+01
1.237556210621654316e+02
1.050634119740363417e+02
1.044587010188413387e+02
1.152978789900153629e+02
1.130881754158438213e+02
8.120006579890886655e+01
1.183917373094805185e+02
1.012512074361671637e+02
1.169909509026114591e+02
1.191971807659107156e+02
1.079580592102230412e+02
1.074715141463052106e+02
1.115261165918818449e+02
1.105296160897731284e+02
1.321931211332950511e+02
1.469805552806377875e+02
1.259991559578617455e+02
1.113513993560430322e+02
1.222331466379293090e+02
1.243439192053513693e+02
1.517051028781752677e+02
1.052838887400637873e+02
1.118495353006195359e+02
1.212873168575661680e+02
8.154107228922740092e+01
8.154107228922740092e+01
1.021385361938383198e+02
1.064703293487423394e+02
1.198913511482500667e+02
1.091142541635813785e+02
1.194022426627480371e+02
1.235171953714671105e+02
1.197504250119567786e+02
1.191286966287483722e+02
1.428163281767992032e+02
1.350316957905808977e+02
