9.013309287265022363e+01
1.149749194302730331e+02
1.013573187486881011e+02
8.285521197965482543e+01
9.808689594479095319e+01
1.191789722407237520e+02
1.018857343750063080e+02
1.168959257922634549e+02
1.000187268541563697e+02
9.777447274706433689e+01
8.290575011967573005e+01
1.061032837505300250e+02
9.313895933746849209e+01
9.734241828959110876e+01
8.240688309552658097e+01
1.037292011127858444e+02
1.069598146557631111e+02
9.750155497778611391e+01
9.691963733505737366e+01
8.139022654207603580e+01
8.187000239492957121e+01
8.187000239492957121e+01
9.928523040194140492e+01
1.124790741382640107e+02
1.091830669804839147e+02
8.255915277923756435e+01
8.180949587785319466e+01
1.132060480506613374e+02
8.139022654207603580e+01
1.139157427251763721e+02
1.138196719535784638e+02
1.042218759845949876e+02
1.046660949109844836e+02
8.148467098652048435e+01
8.255915277923756435e+01
1.034637959173179524e+02
1.063432772491571683e+02
1.134393803653585309e+02
1.110818427951407017e+02
1.103855580666305798e+02
1.033294970118333680e+02
1.062638511032124313e+02
1.032548802436011073e+02
1.181048245478431653e+02
1.043190462711393707e+02
1.023768305354555537e+02
1.028692752866263902e+02
1.118917841243666800e+02
1.276107849273825394e+02
1.078770645574538207e+02
1.036553738689923563e+02
1.196245251092994266e+02
1.125358386275516551e+02
1.065939859233573088e+02
8.133968840205513118e+01
1.015589767608146730e+02
1.103892048624099687e+02
8.299502232766757004e+01
1.109737882680148573e+02
8.148467098652048435e+01
1.161851873788404390e+02
9.920601705933367498e+01
9.507292368653267545e+01
8.211756598504544513e+01
1.118209611019032224e+02
1.000736117146184370e+02
1.035498922839738185e+02
1.009430360071510080e+02
1.079455067115986111e+02
9.742321762417644493e+01
1.006480392048840997e+02
8.180949587785319466e+01
8.148467098652048435e+01
8.226422512264448983e+01
1.212313629936577399e+02
8.180949587785319466e+01
1.074902209276211238e+02
1.290013032701722295e+02
1.020688775530396271e+02
1.007946798222987752e+02
1.043930010329439995e+02
1.013213273377113808e+02
1.028046844113845708e+02
1.119915099452097422e+02
1.052776456620207597e+02
1.032175356507690793e+02
1.004767312520176006e+02
1.020350324978773244e+02
1.087154172079771826e+02
1.000451391808514785e+02
1.150258251014908240e+02
1.208790052990359527e+02
1.147418328900711657e+02
1.105874183093393555e+02
8.139022654207603580e+01
1.231524059478372948e+02
1.108415196069396131e+02
1.155942346861235990e+02
1.079977952721395127e+02
1.095633864977983194e+02
1.049644652608617008e+02
1.113307967328170918e+02
9.907615778744907686e+01
1.175441593956436037e+02
9.811289593571092382e+01
9.995303702754380026e+01
1.015521126464227279e+02
1.127617933723001471e+02
1.158940350733626445e+02
1.156585708224899065e+02
1.132819801959190897e+02
1.191362328118910909e+02
1.062816016738264153e+02
1.199864463687940344e+02
1.064538278600051484e+02
1.154259855670904642e+02
1.127804116662708367e+02
1.107092673396804798e+02
1.039889396626346638e+02
1.015349716491649446e+02
1.122229696837257507e+02
1.068001428816670568e+02
1.058631135601404196e+02
1.181320243179657865e+02
1.102221968455651933e+02
1.050490830607239445e+02
1.062833347346665818e+02
8.180949587785319466e+01
8.180949587785319466e+01
1.077277934113584479e+02
1.172840924390527704e+02
1.182498054941182062e+02
1.038883847294609097e+02
1.017501886953437662e+02
1.082373714605784158e+02
1.211115742009472456e+02
1.263091861936990625e+02
1.226521558264174701e+02
1.049016448467998543e+02
1.035299137960162739e+02
1.107121535999033455e+02
1.154873676914456411e+02
1.163491579989802034e+02
1.176180162972053438e+02
1.253902498410101600e+02
1.252585025214517174e+02
1.110589349435316109e+02
1.126695449963487903e+02
1.157703049754444322e+02
1.148230011029607880e+02
1.034557284789032678e+02
1.050063835559353578e+02
1.009861030423955128e+02
1.101204240730510548e+02
1.032482059048756042e+02
1.152663481772048613e+02
1.101131566985393420e+02
1.024250408946595883e+02
1.098387212255072001e+02
1.146680512746106047e+02
1.080774892504094282e+02
1.182088249195467569e+02
1.134264810496390652e+02
1.113173543072571334e+02
1.034275661049862123e+02
1.140666871339286672e+02
1.087278422595814646e+02
1.167500144246527185e+02
1.077785554009719107e+02
1.137927239203633292e+02
1.196213369179149026e+02
1.121384647188447303e+02
1.155148645014313047e+02
1.155713015979786320e+02
1.327618188846791440e+02
1.080580053179908759e+02
1.031396630311758713e+02
1.170123621712059645e+02
1.141216705704735261e+02
1.145853929559579143e+02
1.225149011334857789e+02
1.128975553134697094e+02
1.132269605579981118e+02
1.143638247047401819e+02
1.158376315065965230e+02
1.023728418174612500e+02
1.078031579251085930e+02
1.024906201071838723e+02
1.206752529917300905e+02
1.085937952291689612e+02
1.147243215165664623e+02
1.138470261754901856e+02
1.070040122202575930e+02
1.004072329687690086e+02
8.658603383251472962e+01
1.089800633645179744e+02
1.136111818439779313e+02
1.136111818439779313e+02
1.049776763321105193e+02
1.106766921148093132e+02
1.024824554734143902e+02
1.313900289817296141e+02
1.134128067096492316e+02
1.001319304037323690e+02
1.081685365057116712e+02
1.029686805562970591e+02
1.094217523919805188e+02
1.215199619853909354e+02
1.357067895054955784e+02
8.195114981728724501e+01
1.054080629795953286e+02
1.346833335918692569e+02
1.187523403842968150e+02
1.164516097892136344e+02
1.161363283078036801e+02
1.094844000724783655e+02
1.190759414399263534e+02
1.160474308729725976e+02
1.340182749137513838e+02
1.083348576442650710e+02
1.051987006709891546e+02
1.239624729578726061e+02
1.187921497792649177e+02
1.053424258955251247e+02
1.139444639593952360e+02
1.323384057634555404e+02
1.040077257218762554e+02
1.306583032426272553e+02
1.328175256793086874e+02
1.267337588307118779e+02
1.267337588307118779e+02
1.120763791089281796e+02
1.332769580141868175e+02
1.045597327741543552e+02
1.188972139508366013e+02
1.197501801282230645e+02
1.116035741602996580e+02
1.141576193766641438e+02
1.130363532165373215e+02
1.008129513838414084e+02
1.304604217585604999e+02
1.164963763177291582e+02
1.144281709428316134e+02
1.291869685298013906e+02
1.316328809325437987e+02
1.063903072101983014e+02
1.175632024626260517e+02
1.270133854953022308e+02
1.284157043713337885e+02
1.196245251092994266e+02
1.140591241714466832e+02
1.140591241714466832e+02
1.140591241714466832e+02
1.136111818439779313e+02
1.385834635744084267e+02
1.076389817234370412e+02
1.152509829998934805e+02
1.207569372473440694e+02
1.139083521727028483e+02
1.209953980665859206e+02
1.290906352647726294e+02
1.311684133585651750e+02
1.088288665961380559e+02
1.103949084318843887e+02
1.284701956618169163e+02
1.331407564364674840e+02
1.139458137198936356e+02
1.049871521552625211e+02
1.120981949725340883e+02
1.114184228464582986e+02
1.298531287288243163e+02
1.179961504542823718e+02
1.128585094459578784e+02
1.090840536993001848e+02
1.250952140434789470e+02
1.352048161978354983e+02
1.249071646129267208e+02
1.089071798402536757e+02
1.291740215379947188e+02
1.171498892314430122e+02
1.093365030474000577e+02
1.093290107565784695e+02
1.205767831287828784e+02
1.426393520494544305e+02
1.399835856835124446e+02
1.158771935530222805e+02
1.154671976288228024e+02
1.174759514800825002e+02
1.138372271295774851e+02
1.182707822374502769e+02
1.197960025123209817e+02
1.256157959561811026e+02
1.256157959561811026e+02
1.237913521083594333e+02
1.132250551648326677e+02
1.165879755612650683e+02
1.080445990232246771e+02
1.185045625460811038e+02
1.269761985213477402e+02
1.267675066272246909e+02
1.131716457146731472e+02
1.100423536569159495e+02
1.210430038738635119e+02
1.228952546034141733e+02
1.188889871680971737e+02
1.035476814278131599e+02
1.379529701619642026e+02
1.319114030288503727e+02
1.214790493799595765e+02
1.362493537620587176e+02
1.094043907870422601e+02
1.022479666410213781e+02
1.070828995647714947e+02
1.193968951785257104e+02
1.226341150190592089e+02
1.284651326435422618e+02
1.210075198959089420e+02
1.269975590215784393e+02
1.275330498904351089e+02
1.381234013335431143e+02
1.421860847965892276e+02
1.197044047300851872e+02
1.255213369958220255e+02
1.158680549458317870e+02
1.168438711157287173e+02
1.291356598551450645e+02
1.339735469327833925e+02
1.336072270546121672e+02
1.370278243313502742e+02
1.116182574445568321e+02
1.388659009626882437e+02
1.338603244991396934e+02
1.064045993843719486e+02
1.356020514961817298e+02
1.365417909103034617e+02
1.203764651721610903e+02
1.327324344121326192e+02
1.331260993341864776e+02
1.394346602978929468e+02
1.382361340791398447e+02
1.237578369158453171e+02
1.257803051686050537e+02
1.018636885216910031e+02
1.245665949685351279e+02
1.398995441584364130e+02
1.306068111117618287e+02
1.212824976000830333e+02
1.122098963399354687e+02
1.408891072230997565e+02
1.249592850733788794e+02
1.343277689546371221e+02
1.405278531092092749e+02
1.332048731959253018e+02
1.230407468005086855e+02
1.114408660031858744e+02
1.337112063950703487e+02
1.171089039121586950e+02
1.403534546896155746e+02
1.206792848841769086e+02
1.346982737868402751e+02
1.330509231756064139e+02
1.441768094586540769e+02
1.381827993979594851e+02
1.207189676251367132e+02
1.293867625240129087e+02
1.407273101412572203e+02
1.381798418137297233e+02
1.262677529679020978e+02
1.276628418863492129e+02
1.284027687546947334e+02
1.171201979131995756e+02
1.211160908297709540e+02
1.205180943489542358e+02
1.137960551870285286e+02
1.135543213529684294e+02
1.055848107937128049e+02
1.253903783027902534e+02
1.204583125986816583e+02
1.266569519922867926e+02
1.474742500264843272e+02
1.239146944428960637e+02
1.381731611938587605e+02
1.401554246302545153e+02
1.397915703571411541e+02
1.563701146852771160e+02
1.154594656040705729e+02
1.248800727294189983e+02
1.368289370934973590e+02
1.241774260749452026e+02
1.239536091868245791e+02
1.569925939695142176e+02
1.425078406279276351e+02
1.511294569538868018e+02
1.485023260014044979e+02
1.331849175645583045e+02
1.331869629695909509e+02
1.322506270526358776e+02
1.148759427424660231e+02
1.290472948329491203e+02
1.472865144984050687e+02
1.254947208902095639e+02
1.359143031960074950e+02
1.538601203454625193e+02
1.576622107524290755e+02
1.487453095944769075e+02
1.159409060323297496e+02
1.553679047479961355e+02
1.557458394421477124e+02
1.445052376252748729e+02
1.376933688724372757e+02
1.432407639390389420e+02
1.450926670377656080e+02
1.169658667300280257e+02
1.366988297412214024e+02
1.179932295598210743e+02
1.356499040714487592e+02
1.199124792293501400e+02
1.314044323056416488e+02
1.435248728610501985e+02
1.208879136165818409e+02
1.291763632232376153e+02
1.409497857686482121e+02
1.279540740983087233e+02
1.499986394799877303e+02
1.480234743534655877e+02
1.478500072006559094e+02
1.559514503309285658e+02
1.490674714457680352e+02
1.512005929744190382e+02
1.299840764675426215e+02
1.408570669915463895e+02
1.257067595977453323e+02
1.436932188087661189e+02
1.171553325913789365e+02
1.012465301513545910e+02
1.133048817898786922e+02
1.468727959237725713e+02
1.421760850142436254e+02
1.343304098014498891e+02
1.543430167692491750e+02
1.448563894227857816e+02
1.452724382954362454e+02
1.486537945499465252e+02
1.549182501505111702e+02
1.489454220602412988e+02
1.175673177366086719e+02
1.508655890674773445e+02
1.543728829642368794e+02
1.539553222354919626e+02
1.487421182947423688e+02
1.507818570563115941e+02
1.247695943131540446e+02
1.668520328976912310e+02
1.668500805167388421e+02
1.668917471834054993e+02
1.680177471834055041e+02
1.681332233738817195e+02
1.306806870421041538e+02
1.333333009660948392e+02
1.450417975010391842e+02
1.475638695421625926e+02
1.170858661346668299e+02
1.170858661346668299e+02
1.326128727891903623e+02
1.591294646895984783e+02
1.269792238706091183e+02
1.177272517734760271e+02
1.425670281284488112e+02
1.376709511591071475e+02
1.331982321105134019e+02
1.448613084528950878e+02
1.462145566983336096e+02
1.383736284186290106e+02
1.428001726078853721e+02
1.207211878452934997e+02
1.534340033921002373e+02
1.548900104009010477e+02
1.484570586104442214e+02
1.293359581854473390e+02
1.384588462605215966e+02
1.312847099735174652e+02
1.414533920466827226e+02
1.590921585993183101e+02
1.604961894829438336e+02
1.524469005324693853e+02
1.237648515833915752e+02
8.154517750359687511e+01
9.296796411477498623e+01
8.195114981728724501e+01
1.002190189209784990e+02
8.789566305493414688e+01
1.225559423913876600e+02
8.254635487795420090e+01
1.031934339857429137e+02
1.031408421494078596e+02
1.118301218985188399e+02
8.115979983364499617e+01
1.023560023372533578e+02
1.068019227904638342e+02
1.320797690120793675e+02
8.165344384165409508e+01
9.368571128376684953e+01
1.101387331316351208e+02
8.185670537284278225e+01
6.268274526453809159e+01
8.195114981728724501e+01
5.959580167980230669e+01
1.214747745408130015e+02
9.759137360625985025e+01
1.244890829320808621e+02
8.191782921118652894e+01
1.098193457660305654e+02
1.380184658063058691e+02
1.031408421494078596e+02
8.185670537284278225e+01
9.961646463194158230e+01
8.249560674325198306e+01
8.139022654207603580e+01
1.079455067115986111e+02
1.067669124161937617e+02
8.148467098652048435e+01
1.065710494395625005e+02
8.143413284649957973e+01
8.143413284649957973e+01
7.415175482179003552e+01
9.190181797797498575e+01
6.649197103312911850e+01
6.122437927866560869e+01
9.172031081310700529e+01
1.369383130248338887e+02
1.280644617390424571e+02
8.143413284649957973e+01
1.061009219226116613e+02
1.151180467178473350e+02
8.205873602110276011e+01
8.255915277923756435e+01
1.187438591416581630e+02
9.606661325255282691e+01
1.016872763309225007e+02
1.132250551648326677e+02
1.081094922260057700e+02
1.288045284796325802e+02
1.337206891862709597e+02
1.236241388237592957e+02
8.139022654207603580e+01
1.013573187486881011e+02
1.113192655261222797e+02
8.139022654207603580e+01
8.180949587785319466e+01
8.133968840205513118e+01
8.175895773783229004e+01
9.678857935068083407e+01
1.045305463638846248e+02
1.080617833622630144e+02
9.708358906024540147e+01
1.162543696039134318e+02
1.036445666787919038e+02
1.075966935932177080e+02
1.229352035881033345e+02
1.263233430781654079e+02
1.081977457718318334e+02
1.155958116889715086e+02
1.094217523919805188e+02
8.195114981728724501e+01
8.189721210745153712e+01
8.139022654207603580e+01
1.106938155382545972e+02
8.180949587785319466e+01
8.871781645695423890e+01
1.018840386430731257e+02
1.159311099755335306e+02
8.211992267242085575e+01
1.068312315321957584e+02
1.144333416828098962e+02
1.124705347240814035e+02
1.128418751224072736e+02
1.189132396410448251e+02
1.026173887715466435e+02
1.151264987559197550e+02
1.196679243062706206e+02
1.187817625574418940e+02
1.101006606582792102e+02
1.135256298114345554e+02
1.430267630487915085e+02
1.229689991436388112e+02
1.122122803287115715e+02
1.221252252834156025e+02
1.258481732432092741e+02
1.467156320488725214e+02
1.054827139260039672e+02
1.162001068218531827e+02
1.187343205621618267e+02
8.133968840205513118e+01
1.040767664762662719e+02
1.058946395555139048e+02
1.130945670571058059e+02
1.089071798402536757e+02
1.171634646137844840e+02
1.239283804084059284e+02
1.187009809142133037e+02
1.156448569754026181e+02
1.416192517017001080e+02
1.413329941501789051e+02
