9.078297963343624133e+01
1.178511944925842556e+02
1.008453821278943536e+02
8.068431059237421721e+01
9.912196032729733020e+01
1.221670727570441244e+02
1.047264130398242372e+02
1.213579592248066632e+02
1.041049486083790185e+02
8.041431059237422119e+01
1.045434350130188363e+02
8.851015007414351032e+01
9.969088444781958458e+01
8.346797853574810233e+01
1.044246335862533641e+02
1.088878132443504967e+02
9.675186108489482706e+01
9.503311699181610095e+01
8.185758955376238077e+01
8.293026839243482584e+01
9.755203742257235433e+01
1.143194233840632563e+02
8.205162948320719352e+01
8.219817778905650130e+01
1.118132209361467488e+02
1.118856699904380179e+02
1.138540014874818382e+02
1.058998528423422698e+02
8.223573662606432322e+01
1.091092692447598012e+02
1.084806389127172395e+02
1.182545866740960605e+02
1.136095693300150629e+02
1.178581979006642371e+02
1.015012202033936148e+02
1.086141949289694111e+02
1.052376505876004131e+02
1.171594846751190033e+02
1.037309456144380420e+02
1.037004338550977423e+02
1.126118394366665854e+02
1.062651069973780125e+02
1.094428609431357984e+02
1.170515347076481163e+02
1.149745909809829527e+02
1.133766298402390476e+02
8.258968015714071953e+01
1.038755685519595175e+02
1.101933810964710005e+02
8.294044307841269870e+01
1.170170092748078474e+02
8.185758955376238077e+01
1.181692253498143401e+02
9.295074126448000129e+01
8.193692778905651153e+01
1.124930735795695540e+02
1.001423879479582126e+02
1.086881742979229557e+02
9.966503687145467438e+01
1.093296791985816157e+02
9.289011473739512326e+01
1.003121763574789327e+02
8.219817778905650130e+01
8.185758955376238077e+01
8.217911598832074560e+01
1.222378205491125414e+02
8.219817778905650130e+01
1.099204946763027095e+02
1.087456003864734839e+02
1.029519285197771978e+02
1.067171955491598112e+02
1.142077939135396747e+02
1.083964637568565621e+02
1.028862102018716911e+02
1.031042688797054723e+02
1.061117842610013042e+02
1.085817902963855062e+02
1.029151274223262789e+02
1.203779588812602697e+02
1.203451116237528709e+02
1.112562020675971439e+02
1.125743549572320319e+02
1.042906957460216546e+02
8.185758955376238077e+01
1.138509567375625267e+02
1.022253077763045752e+02
1.147268022931909428e+02
1.056543628666354095e+02
1.141272878055209219e+02
1.055083942309005351e+02
1.017880494884002758e+02
1.132720155213695534e+02
1.005077766239646166e+02
1.034597684029416484e+02
1.056636706542416562e+02
1.043929048583668617e+02
1.125836528158623224e+02
1.144208241598239226e+02
1.146177068053438006e+02
1.210332065419348311e+02
1.032503985862701654e+02
1.190883523459438891e+02
1.059450654233063176e+02
1.161431209423755178e+02
1.126850857873934331e+02
1.157765328219172574e+02
1.123050143064181015e+02
1.075338563277219492e+02
1.060614956913954785e+02
1.140238239492344405e+02
1.109644969855413592e+02
1.052545908794661358e+02
1.154954792732110604e+02
1.076742915381926764e+02
1.076236470721588603e+02
1.030038912781338780e+02
8.185758955376238077e+01
8.185758955376238077e+01
1.149323655804707158e+02
1.184149137562426546e+02
1.025094507839739322e+02
1.035800575240282342e+02
1.080495317042213514e+02
1.186239847879472933e+02
1.226577769385909988e+02
1.201339287705170591e+02
1.218482853277680533e+02
1.062905260004981329e+02
1.060730163477126098e+02
1.101187332427301584e+02
1.089185719442975540e+02
1.174272827223731355e+02
1.105635525241085020e+02
1.054242257711047017e+02
1.299587817523409683e+02
1.088799087680088462e+02
1.172145339919080556e+02
1.199628126360767197e+02
1.028111790265353989e+02
1.060351166098324001e+02
1.133060247777215466e+02
1.033118346729898747e+02
1.134107192999581457e+02
1.046920396390934656e+02
1.291578809381915107e+02
1.122963713038071631e+02
1.033746229705004254e+02
1.118563669890051813e+02
1.121579920545173934e+02
1.137458164939472027e+02
1.186048370377803138e+02
1.160417963688967404e+02
1.154253979615097023e+02
1.128060520482489153e+02
1.085032458744231008e+02
1.138554049273748632e+02
1.095599259035638084e+02
1.165386700942123781e+02
1.140655154865474401e+02
1.059820182773059827e+02
1.145054208663154611e+02
1.187681127553531724e+02
1.146663106639864509e+02
1.187108128140398406e+02
1.346017593542595137e+02
1.131496150709821649e+02
1.275811357893678206e+02
1.048604508285634864e+02
1.068225851121369487e+02
1.079413774357346369e+02
1.181163011181649409e+02
1.174419178733990208e+02
1.116672489294775517e+02
1.163340177526005732e+02
1.248093733444699325e+02
1.158752475808118021e+02
1.133835768617227160e+02
1.277837139308167451e+02
1.179191865404107489e+02
1.013564618527510817e+02
1.100804458831254067e+02
1.066107976069030059e+02
1.043141439296765327e+02
1.008744623140355401e+02
1.186053107152329176e+02
1.072719197998005569e+02
1.075368049537433564e+02
1.032471814697672130e+02
8.665278957210504984e+01
1.233110488617998612e+02
1.127632018883658418e+02
1.148743003433358894e+02
1.252286805087297097e+02
1.066760716109447458e+02
1.087860045874059409e+02
1.264749300113164452e+02
1.167978825997123238e+02
1.028216268842380288e+02
1.178779251935016248e+02
1.068948177137376376e+02
1.118628648234971479e+02
1.089333782940706499e+02
1.051735892359959195e+02
1.109439462971415367e+02
1.333858668870488771e+02
8.355992104445890334e+01
1.065287130086956751e+02
1.331417177815027628e+02
1.189707692437891495e+02
1.229975005066212503e+02
1.168912239332381517e+02
1.168541106014189381e+02
1.155414529280977547e+02
1.225796843568062968e+02
1.192751982810871851e+02
1.365281070506681544e+02
1.087805963678139420e+02
1.095380912913719840e+02
1.255572848184516062e+02
1.185517475811384003e+02
1.121337441901288514e+02
1.336148017022269414e+02
1.090028943903447924e+02
1.268703426777655778e+02
1.299293002625662155e+02
1.350872725960551008e+02
1.237332793200888545e+02
1.237332793200888545e+02
1.138729466731099080e+02
1.367092731157817411e+02
1.055117367913607040e+02
1.155154223136219542e+02
1.220437355983115282e+02
1.138279287275829006e+02
1.112612962758742583e+02
1.150556777788537346e+02
1.194407034829871321e+02
1.025116263374403758e+02
1.356043660009712823e+02
1.329803408579009840e+02
1.182000181467800246e+02
1.152879398968918281e+02
1.229488361823554783e+02
1.088091870010503328e+02
1.155492465979283452e+02
1.276730883154913414e+02
1.110675366470215550e+02
1.280006194334116003e+02
1.170515347076481163e+02
1.153425113152933079e+02
1.153425113152933079e+02
1.153425113152933079e+02
1.148743003433358894e+02
1.119373179999203103e+02
1.146448099190452439e+02
1.127883478395707471e+02
1.157691799904013550e+02
1.142750329257167010e+02
1.149499255317602859e+02
1.070322004817465142e+02
1.283924562630238313e+02
1.093125861159127652e+02
1.262312342373763698e+02
1.114101383185287091e+02
1.170284780578828077e+02
1.260652919568358925e+02
1.301828916936887879e+02
1.059828840143087803e+02
1.129222077574937373e+02
1.155200848096824018e+02
1.249797671731023740e+02
1.163847061954949424e+02
1.167573207960821691e+02
1.241739373161418172e+02
1.302363129630798255e+02
1.224909938245940282e+02
1.117335019171503774e+02
1.316090545535713545e+02
1.173317037930496127e+02
1.115422043009405542e+02
1.133098228833295167e+02
1.176350217544559769e+02
1.402238223366899774e+02
1.153678414811394788e+02
1.294720544662595785e+02
1.112190290774418742e+02
1.142957760778614755e+02
1.153695483399524733e+02
1.167352062744951411e+02
1.259998699613290398e+02
1.206773918667229850e+02
1.154834624782008916e+02
1.168466940713296651e+02
1.083732316947583172e+02
1.180400769719681904e+02
1.280779655137833686e+02
1.246843863179985732e+02
1.158805309656420093e+02
1.120795663042080008e+02
1.272595134275561293e+02
1.162102806928198930e+02
1.228680795623034356e+02
1.177635501584040867e+02
1.091920880957426192e+02
1.397744279499539743e+02
1.307701662153770883e+02
1.178492547477110151e+02
1.373994554748459791e+02
1.186659649625123194e+02
1.054111693087785824e+02
1.125422250951247491e+02
1.204119523332763038e+02
1.226481622871820605e+02
1.336204412940408019e+02
1.276343464891058801e+02
1.284023428503290347e+02
1.265685676662944559e+02
1.406348945899165130e+02
1.418818703958257288e+02
1.199424571590083843e+02
1.231640833361808802e+02
1.171718365528881520e+02
1.210229200776311842e+02
1.315237053553032922e+02
1.133389894069570687e+02
1.294175535553055738e+02
1.255727181832476731e+02
1.296565768133054348e+02
1.138349009276966086e+02
1.404097322304288582e+02
1.235630671645976548e+02
1.087596313666839194e+02
1.358600797809845915e+02
1.443823954945968353e+02
1.185300446360083697e+02
1.318066884820772486e+02
1.307018934565291772e+02
1.419780070079829954e+02
1.401781527487037238e+02
1.210867156016182236e+02
1.253035727062378726e+02
1.022882288690809247e+02
1.441432646400132285e+02
1.287358049345516520e+02
1.282248456947115187e+02
1.130597063501816990e+02
1.165941291537142916e+02
1.428203237014089950e+02
1.329285082462980085e+02
1.347449906132332842e+02
1.339824499459961942e+02
1.242602697101023494e+02
1.135080161737762552e+02
1.317099119691713156e+02
1.124707338071714560e+02
1.382091165192037181e+02
1.206600655846280716e+02
1.335672827353518812e+02
1.331802276103592533e+02
1.162145874842454845e+02
1.477620075360532894e+02
1.321629959527959670e+02
1.184245234031751579e+02
1.299139542850315081e+02
1.409784440449568592e+02
1.410776089954217696e+02
1.278881399812948274e+02
1.288108651389397608e+02
1.319113462824156500e+02
1.226759559777723894e+02
1.216806065835044421e+02
1.254660932593479430e+02
1.156566179079944021e+02
1.107181891941908845e+02
1.278491243454980548e+02
1.225440221312124152e+02
1.554345112275588576e+02
1.267908138765916135e+02
1.420533908077809713e+02
1.368641241340587840e+02
1.537133090585308821e+02
1.204294288450246313e+02
1.266854586403055691e+02
1.326695011152209815e+02
1.307924035194811552e+02
1.253189599499672795e+02
1.574601519795991749e+02
1.481105815187659118e+02
1.527175468170811428e+02
1.506653065311108151e+02
1.175671881855233352e+02
1.323769051714329521e+02
1.353387510609169908e+02
1.336975637098038305e+02
1.350770804518230932e+02
1.173385438049339768e+02
1.350441147634664674e+02
1.455302286185499838e+02
1.490956163471546745e+02
1.244808161221354794e+02
1.267919600139454985e+02
1.546891606695352266e+02
1.600091101201557535e+02
1.585190680984586606e+02
1.579558607767393994e+02
1.424703396792617980e+02
1.458701829443098461e+02
1.461173567506493782e+02
1.420599087593224681e+02
1.191173803086486060e+02
1.450690570355101272e+02
1.199056654383330738e+02
1.345496294581549535e+02
1.378180704273204356e+02
1.440681273293188838e+02
1.201719470609578195e+02
1.276755620485025560e+02
1.356959802331585649e+02
1.342363318700463424e+02
1.497919591844071192e+02
1.544329910336606133e+02
1.505174403320536385e+02
1.561518145233773112e+02
1.538912959207158053e+02
1.580675781657773769e+02
1.338413259707850784e+02
1.371161986398330157e+02
1.193101733514467355e+02
1.113300823019944659e+02
1.129929711319869341e+02
1.504008815863688255e+02
1.488669062475659928e+02
1.415428424722138629e+02
1.338964163762019552e+02
1.357150438958378231e+02
1.476893617870649962e+02
1.366981015973895524e+02
1.593700397565934281e+02
1.407678924378060401e+02
1.365260922226769367e+02
1.511103508885275915e+02
1.583110845071829260e+02
1.528152230144082750e+02
1.201919678115995396e+02
1.448300284052620555e+02
1.561483038273211719e+02
1.554659595411249313e+02
1.521744808596636744e+02
1.492332252916517064e+02
1.289753950023738014e+02
1.663754028504019402e+02
1.665052838027828557e+02
1.665637838027828650e+02
1.661063631678622414e+02
1.668051885646876258e+02
1.187034308985986826e+02
1.348985672997500842e+02
1.358401006661588042e+02
1.438848902982410607e+02
1.524545435425958999e+02
1.404152177064886189e+02
1.208078397389398617e+02
1.208078397389398617e+02
1.266173258803435147e+02
1.562721126105682004e+02
1.270479786878776451e+02
1.559035920592936009e+02
1.269790274623869095e+02
1.430872845073786834e+02
1.419250804978252631e+02
1.471388046149033926e+02
1.419747260159016662e+02
1.532672551172956901e+02
1.456442459784488790e+02
1.427711498389579674e+02
1.298263949666309145e+02
1.262069580392331432e+02
1.489710000666913459e+02
1.560452806404681496e+02
1.554570753768439886e+02
1.291578809381915107e+02
1.382293963765078786e+02
1.369169503514831092e+02
1.442969203461225618e+02
1.586431976333841476e+02
1.703007468267329045e+02
1.602507715377585384e+02
8.130936419385096769e+01
1.485106698086366350e+02
1.223550536023107753e+02
8.254745147497015978e+01
9.172816227123040278e+01
8.327971401849606536e+01
9.761702077849733428e+01
7.540832923359070605e+01
1.153273684858619674e+02
8.312402421994065094e+01
1.050953221995953015e+02
9.547368509845139783e+01
1.149825847509233796e+02
8.372359162711325098e+01
1.086156730391894740e+02
1.056164938502630690e+02
1.364053170840187192e+02
8.185758955376238077e+01
9.577163492375069609e+01
8.320200437779223535e+01
6.625520794528398483e+01
8.302742104445889026e+01
6.207474067104700310e+01
1.210797533681459015e+02
1.220973864646573048e+02
9.661802699751049772e+01
1.211620782642841618e+02
8.245746279402175105e+01
1.080400175988220610e+02
1.404797043666679315e+02
9.547368509845139783e+01
9.917703178647286677e+01
8.390050927975300965e+01
8.185758955376238077e+01
1.093296791985816157e+02
1.053287250495324514e+02
8.168300622042903569e+01
1.073339339594907784e+02
8.185758955376238077e+01
7.627000122444684393e+01
9.361578229830379883e+01
6.192322379444700431e+01
5.876997480953404107e+01
9.980143844920850427e+01
1.429205614691379935e+02
1.266930023812276005e+02
1.155409181317939016e+02
8.217911598832074560e+01
1.246598016784342917e+02
1.036560727688950010e+02
1.037397038891909347e+02
1.114718374302017310e+02
1.212254217790203654e+02
1.154834624782008916e+02
1.108930625981821549e+02
1.064941363272701835e+02
1.287232467126935660e+02
1.210094916391153816e+02
8.185758955376238077e+01
1.008453821278943536e+02
1.101029890152253046e+02
8.185758955376238077e+01
8.185758955376238077e+01
8.243840099328596693e+01
8.277898922858008746e+01
9.861018560086513673e+01
8.185758955376238077e+01
1.043102512090826934e+02
1.061359934744717890e+02
1.016366892813615976e+02
1.163592666498353196e+02
1.073267335352421554e+02
1.080500514379414341e+02
1.239992369689408775e+02
1.252830916309663962e+02
1.171238380935835153e+02
1.109439462971415367e+02
8.302742104445889026e+01
8.205162948320719352e+01
8.130936419385096769e+01
1.114361385538207827e+02
8.219817778905650130e+01
8.875369782190028900e+01
1.032506335111999363e+02
1.136137252785464682e+02
8.355992104445890334e+01
1.239346630073402480e+02
1.076131103510052469e+02
1.141505030969534999e+02
1.132564309671009397e+02
1.162932176379112832e+02
8.185758955376238077e+01
1.146348095166558494e+02
1.027877888346208266e+02
1.110678209176897013e+02
1.220726032368970948e+02
1.115011069008424869e+02
1.120388702294007714e+02
1.105369092185649293e+02
1.259215656005035555e+02
1.448769302433823896e+02
1.204699225740300648e+02
1.118504358111370180e+02
1.219212167893639105e+02
1.525208336953313619e+02
1.139202331145480258e+02
1.133370299737243982e+02
8.258968015714071953e+01
1.037798245421236771e+02
1.104117867080823174e+02
1.137039593013738141e+02
1.117335019171503774e+02
1.180810127913200631e+02
1.236582068367148537e+02
1.169301798208515919e+02
1.408774496622916104e+02
