9.044323886157823722e+01
1.096515529488342651e+02
7.965783254458023066e+01
9.835806353709796213e+01
1.258058798663694375e+02
1.021482273913257899e+02
1.274588396513397299e+02
9.589250796075731387e+01
9.599780247408600076e+01
7.915041124127233729e+01
1.036008458547687781e+02
9.889982672762010907e+01
1.009226980316160365e+02
1.074072015838199121e+02
9.881753835670210151e+01
9.427421701815204358e+01
8.170355560052671251e+01
8.202302495958213058e+01
8.202302495958213058e+01
9.482781154533620338e+01
1.140324444790825851e+02
1.090418164810111818e+02
8.202193682767264704e+01
8.171177222050803834e+01
8.170355560052671251e+01
1.080434529963913377e+02
1.067087730715588663e+02
1.057941454916531825e+02
8.164300157122269752e+01
8.235019940628899349e+01
1.057260572238614031e+02
1.066786265559498759e+02
1.177374803222499509e+02
1.143986976776752869e+02
1.110999116086709222e+02
1.019747114440629332e+02
1.033698498262215821e+02
1.056441496549299472e+02
1.179813578711309106e+02
9.942117643505767433e+01
1.011868495474232077e+02
9.987304868791854062e+01
1.118517425486556647e+02
1.284208862308027506e+02
1.054659846466787485e+02
9.908315816716269353e+01
1.074077666591846167e+02
1.153170497412381934e+02
1.118059521849888256e+02
1.076698624528272035e+02
8.199912632313566974e+01
9.834163659616251607e+01
1.052872699987473197e+02
8.260880100924281066e+01
1.104926889694231846e+02
8.178258490455601759e+01
1.139853802090109980e+02
9.400512026409018063e+01
9.325496949717779671e+01
8.145908068647227651e+01
1.128589306661513234e+02
9.873767949917564124e+01
1.045202360486141373e+02
9.766381200887033742e+01
9.864899077717463172e+01
1.011367141712826907e+02
8.178258490455601759e+01
8.208540447473183121e+01
1.259187947715787601e+02
8.170355560052671251e+01
1.074398006849812077e+02
1.258194608578503733e+02
9.605798268495502157e+01
9.985579074899492014e+01
1.044632187262658789e+02
1.011662786380595520e+02
1.006478295087929382e+02
1.152810152182746322e+02
9.328463626242123041e+01
1.019180077774072402e+02
9.869682985189174929e+01
1.063383608192687859e+02
1.176721006723600453e+02
1.188076847861710661e+02
1.118740852398246375e+02
1.081239092155065151e+02
1.047717536590181737e+02
8.178258490455601759e+01
1.135841653139232932e+02
9.931078624500037222e+01
1.185006600486290296e+02
1.069312531835953450e+02
1.113535433149090750e+02
9.910198528028161036e+01
9.294234684183196293e+01
1.111984049861541024e+02
9.790939300566151360e+01
1.181315863401563462e+02
9.350987006048333683e+01
9.579962938133454031e+01
1.004185230412729766e+02
1.029649127188414184e+02
1.130999257368769975e+02
1.190585866659320828e+02
1.153954452145813576e+02
1.211232861638695368e+02
9.924835616457531273e+01
1.214064847840436556e+02
1.006565845158894348e+02
1.180250627541930584e+02
1.139225420220853522e+02
1.081668888315020638e+02
1.036190293458246714e+02
1.080656225378624811e+02
1.041120001637906256e+02
1.190813818556519976e+02
1.043596205719577483e+02
1.015601688028749123e+02
8.183530163227274556e+01
8.183530163227274556e+01
1.160854273875562370e+02
1.319768900616666656e+02
1.166902422213763657e+02
1.209126043262808423e+02
1.025794026257891289e+02
9.829112459634912113e+01
1.115247919122169833e+02
1.257593955715321954e+02
1.206880087383299696e+02
1.234222252324566256e+02
1.051159478829526961e+02
1.061711071416146979e+02
1.104427825412527682e+02
1.055254576359016880e+02
1.168326858937329860e+02
1.106174281823596459e+02
1.011289906765813242e+02
1.200557165398669497e+02
1.243870145693178983e+02
1.240605426273633469e+02
1.111080589392266234e+02
1.143711010359540836e+02
1.152974048204411588e+02
1.147790123802953133e+02
1.023725865386028602e+02
1.039220131184097511e+02
1.083978828197019766e+02
1.111552199672406971e+02
1.023365489131726207e+02
1.302885661053564661e+02
1.154225496771613280e+02
1.037016178681226677e+02
1.045393792052345674e+02
1.161118134584199737e+02
1.091418433487214230e+02
1.125755671943309721e+02
1.148932220928409151e+02
1.079468857105338344e+02
1.068960852415869169e+02
1.155147055736394606e+02
1.059283934130890117e+02
1.158210001495197048e+02
1.183606197832557569e+02
1.057016725153796699e+02
1.190073794312696407e+02
1.138632981081049707e+02
1.220158305165738000e+02
1.324244183995967603e+02
1.222715021307838583e+02
1.265379754622743462e+02
1.011428650911040137e+02
1.066344113917875660e+02
1.050260830801648808e+02
1.219206848551546614e+02
1.175672028078436000e+02
1.146461709727142022e+02
1.153902961520899453e+02
1.276027321087809696e+02
1.146183931518939687e+02
1.138251230247854693e+02
1.164866150621409702e+02
1.285460308247946557e+02
1.165219631638043296e+02
1.030294750651334965e+02
1.035427339483244964e+02
1.169984081089362746e+02
1.076932636159311585e+02
1.297053669159516858e+02
1.040267423504107569e+02
1.215391904502738072e+02
1.122741548707351882e+02
1.001703081246674003e+02
1.007809038918296523e+02
8.643699717029008411e+01
1.254775933111004207e+02
1.123933172686647595e+02
1.184776030171647818e+02
1.184776030171647818e+02
1.266117858508729483e+02
1.096356974751440703e+02
1.002945884734667459e+02
1.270895014101398601e+02
1.166459077714376065e+02
1.030428603372880900e+02
1.004080026706590729e+02
1.192672352001983569e+02
1.061393346063788101e+02
1.160004294577106663e+02
1.053616303940856085e+02
1.021237599809563648e+02
1.073300463640995588e+02
1.160942954144592960e+02
1.325463765232201183e+02
8.303414150873042843e+01
1.031879655146989592e+02
1.270290293137022672e+02
1.166584479510701442e+02
1.164640661332948497e+02
1.145192315363719757e+02
1.201486549572753546e+02
1.067206120104368097e+02
1.066773892155137418e+02
1.247205385766690995e+02
1.109177644815249408e+02
1.107409266420650340e+02
1.331725365853815219e+02
1.072965324435107703e+02
1.323882132174273352e+02
1.261664942219881027e+02
1.267880377898070918e+02
1.253751903707197641e+02
1.253751903707197641e+02
1.124079038576536078e+02
1.317536869829094712e+02
1.022915438068479830e+02
1.159838365994347242e+02
1.262274210247011581e+02
1.072024696180306762e+02
1.124346090559346294e+02
1.163374681660826013e+02
1.169707458706227641e+02
1.031682169449780417e+02
1.375775305992750646e+02
1.281624165813310583e+02
1.330451951302775626e+02
1.160784768394936606e+02
1.178701571711764302e+02
1.266735194180518391e+02
1.291341916596953752e+02
1.084612210715315115e+02
1.169973181675957221e+02
1.250988492134102046e+02
1.143938661016924669e+02
1.320079981296238145e+02
1.153170497412381934e+02
1.163727555142000654e+02
1.163727555142000654e+02
1.163727555142000654e+02
1.184776030171647818e+02
1.434245495391871827e+02
1.085388324037526786e+02
1.150453027237070245e+02
1.103720414836153907e+02
1.212609128896812791e+02
1.147407455787391655e+02
1.231014674643488434e+02
1.055804743198400644e+02
1.334233022544233904e+02
1.082111571548077222e+02
1.220590432210652097e+02
1.100221709947718267e+02
1.170709740193816799e+02
1.246364657014081274e+02
1.315127873514268515e+02
1.190469142338144763e+02
1.053753078611147771e+02
1.098614146622554557e+02
1.144536717839147997e+02
1.259795030968631693e+02
1.097470488822670802e+02
1.263532787562925819e+02
1.322095238445085101e+02
1.253712210169235135e+02
1.083313711145892597e+02
1.213910354765839372e+02
1.090459502624046593e+02
1.094709430099002390e+02
1.165200568272085775e+02
1.418479567305729176e+02
1.395073922558118795e+02
1.209063365489018196e+02
1.176896958259821275e+02
1.288401308192962915e+02
1.157455042058298460e+02
1.108134420463656085e+02
1.170334092757988742e+02
1.143507478365985719e+02
1.153241282800798757e+02
1.260808177276918514e+02
1.260808177276918514e+02
1.154481639101964561e+02
1.197949094024348966e+02
1.208450790301231876e+02
1.053728944981206723e+02
1.201662510032211344e+02
1.247559741977615175e+02
1.307386037469207167e+02
1.143385881805556608e+02
1.274265332928126213e+02
1.136869801812912897e+02
1.219724211474730993e+02
1.072791060284949936e+02
1.302620008747867644e+02
1.365848625186862080e+02
1.224394345908241917e+02
1.310412305654103022e+02
1.114721343334966122e+02
1.049655156193031758e+02
1.115270544305022327e+02
1.121868068585094136e+02
1.289019353017779679e+02
1.363470493010317739e+02
1.285710728177353701e+02
1.248239612633042412e+02
1.228649450288453835e+02
1.363929628953952147e+02
1.398249304524119339e+02
1.243306983536396189e+02
1.272553496279997631e+02
1.173577342352961779e+02
1.202155298834039741e+02
1.266626970240004226e+02
1.130989588400893524e+02
1.293159026607312967e+02
1.312439375992214252e+02
1.324492111971775330e+02
1.359125561863390885e+02
1.295179853696741930e+02
1.072391178351261800e+02
1.369937903583667094e+02
1.404877563782757193e+02
1.272829151877474629e+02
1.350966125171264025e+02
1.254703322455314520e+02
1.302243726488335653e+02
1.049371299020748580e+02
1.232842015533024096e+02
1.306172050783209784e+02
1.319810587112500286e+02
1.148752760728758346e+02
1.187835543218522645e+02
1.399049203210463475e+02
1.319894314641733217e+02
1.317545602588661495e+02
1.392687501814823463e+02
1.260378824347290703e+02
1.250835656659264856e+02
1.109994412611002303e+02
1.297030158829192032e+02
1.125703483518189074e+02
1.243977042931203130e+02
1.335045227487435682e+02
1.366601804889376126e+02
1.187703008623968657e+02
1.422295711671692970e+02
1.307590009087211058e+02
1.146467239266544027e+02
1.302536891149605083e+02
1.363916753425017134e+02
1.290789760036143718e+02
1.298668691266190933e+02
1.178239294350993305e+02
1.224900839587394756e+02
1.247458827579988707e+02
1.233165569609259222e+02
1.127636507101318557e+02
1.087050132708619969e+02
1.329945442567880320e+02
1.229845281581040979e+02
1.277550374783103848e+02
1.513031716654949150e+02
1.363813168242973290e+02
1.467318062194545689e+02
1.309557671004827739e+02
1.324707958361127851e+02
1.287380828324005506e+02
1.589585995623531289e+02
1.486370509490184872e+02
1.515866333591943089e+02
1.485172348294640869e+02
1.281877252489202874e+02
1.267421029589135486e+02
1.404436289373904856e+02
1.290524378741419866e+02
1.166224801779601137e+02
1.356240004243424551e+02
1.382565066744382989e+02
1.457093199699188517e+02
1.250286250408124715e+02
1.297381617512166656e+02
1.573631143908120293e+02
1.593512141442298002e+02
1.471246279712320586e+02
1.196442853944974019e+02
1.566087698640103270e+02
1.553699263808961177e+02
1.402001485581776308e+02
1.431596200396319603e+02
1.429836976520131486e+02
1.382515549772619465e+02
1.276966192508863855e+02
1.418790186265950410e+02
1.228805596725237308e+02
1.311667908677229661e+02
1.213097907752762268e+02
1.281540846922408150e+02
1.436572681867805272e+02
1.262299456106040907e+02
1.289984730680527889e+02
1.376481349177734899e+02
1.248616577743576244e+02
1.433576400009199006e+02
1.504392724759544251e+02
1.451241246529208979e+02
1.550028055336621264e+02
1.533643647352042763e+02
1.544039798279973752e+02
1.279745352180626412e+02
1.418907138081134178e+02
1.174944202006473688e+02
1.418020836290316424e+02
1.210521462442546721e+02
1.154133704055868606e+02
1.535959745093191771e+02
1.441495340663781519e+02
1.440833188255558639e+02
1.372735737996379726e+02
1.411135228891868394e+02
1.492413740613087043e+02
1.313498950445049331e+02
1.572716620818002013e+02
1.400914178129417849e+02
1.434711596567530023e+02
1.510048004133270467e+02
1.579444514895033080e+02
1.520944000496851345e+02
1.183320015497097302e+02
1.512503689789210171e+02
1.557515827829759587e+02
1.574623727468990069e+02
1.475570323041639824e+02
1.446054319281635969e+02
1.355757639687592189e+02
1.633424026364750148e+02
1.635007359698083462e+02
1.611872033716667829e+02
1.620843368460562886e+02
1.204586884398208326e+02
1.346944004284170262e+02
1.331720572866152281e+02
1.484998034763550834e+02
1.403954815801115501e+02
1.304433559596340331e+02
1.304433559596340331e+02
1.326573616631609411e+02
1.546968753048402050e+02
1.341210080884543459e+02
1.593522742166862827e+02
1.207624217176946786e+02
1.404680271472884385e+02
1.380086566000552750e+02
1.345266749875836467e+02
1.451962164644631059e+02
1.392528739944006020e+02
1.519526356762214618e+02
1.478861816103030264e+02
1.345902931960097533e+02
1.347453825489097028e+02
1.282065484801602508e+02
1.502582059642802221e+02
1.519273783558152786e+02
1.302885661053564661e+02
1.351511170368319767e+02
1.299134911019767458e+02
1.434091753497708908e+02
1.677385276021730647e+02
1.599717796309529376e+02
1.505053920012909430e+02
8.164300157122269752e+01
1.516664127883072979e+02
1.227767854736552948e+02
8.176162080209124383e+01
8.596697039060700263e+01
8.265301897646480711e+01
1.022601804954776838e+02
9.282295513796083242e+01
1.268669873301627575e+02
8.145250726222681692e+01
1.080275095648772634e+02
1.002847764993810529e+02
7.553442668253731540e+01
1.252642151663063572e+02
1.098812235795687258e+02
1.341924430216004964e+02
8.171177222050803834e+01
9.347484781750588922e+01
1.158445761997725327e+02
5.758020857377335489e+01
8.239342339469342846e+01
5.851050683313793144e+01
1.214371327908227300e+02
1.252264584882345275e+02
1.000162241059022961e+02
1.204785200737765081e+02
1.137885722084904927e+02
1.002847764993810529e+02
8.289373746832637835e+01
8.260880100924281066e+01
8.178258490455601759e+01
1.177491580990725879e+02
8.201897520507675665e+01
8.201897520507675665e+01
6.946990620429397723e+01
9.654833984924719914e+01
8.642501940125458759e+01
8.328247249150869891e+01
1.224429483410855823e+02
8.177676620776082927e+01
1.136464508420285568e+02
1.136719199328950509e+02
8.188193724303880572e+01
8.235019940628899349e+01
1.211321722570345969e+02
9.206179090387159647e+01
9.817937146163338014e+01
1.093632162537545582e+02
1.222161591476670282e+02
1.197949094024348966e+02
1.201535660947056527e+02
1.340003407286610013e+02
1.023023505583658732e+02
1.269119089911993115e+02
1.243778764035567832e+02
8.178258490455601759e+01
1.096515529488342651e+02
1.132868634070833025e+02
8.170355560052671251e+01
8.191674857984610014e+01
8.224390617750520960e+01
8.232006119478663209e+01
9.451979066679024299e+01
8.170355560052671251e+01
1.139533747421497907e+02
1.070927035512454495e+02
1.177739148355142476e+02
9.788783786923524133e+01
1.092202708871503916e+02
1.216336423363310928e+02
1.201595910720686931e+02
1.152162915266588357e+02
1.129106436444749022e+02
1.075891775697733124e+02
8.239342339469342846e+01
8.269564947255464915e+01
8.156397226719337823e+01
1.103389190832798619e+02
8.191674857984610014e+01
1.024083708227305891e+02
1.178685179046835572e+02
8.259402072833611896e+01
1.213865277628642758e+02
1.018286822282970263e+02
1.105585624475532711e+02
1.182697205684011124e+02
1.135072185943030263e+02
8.178258490455601759e+01
1.171575595078658978e+02
1.179118589090922882e+02
1.219281881928459228e+02
1.107971173065153749e+02
1.081714691859702668e+02
1.141410022437278116e+02
1.114014176231300297e+02
1.316237052236747047e+02
1.268111241088321890e+02
1.126371436168915068e+02
1.271527983320758466e+02
1.272683045175247400e+02
1.585934430399996415e+02
1.068114697633715195e+02
1.134710531635426491e+02
1.274637292131191941e+02
8.175840783127409850e+01
8.199912632313566974e+01
1.034146687507280831e+02
1.044587415898548954e+02
1.108311044721881302e+02
1.083313711145892597e+02
1.213055904271110137e+02
1.196473561685987903e+02
1.210389701820140687e+02
1.183230314290197214e+02
1.346991916684454509e+02
