9.149862418444524792e+01
1.200821239954044444e+02
8.093192830264987947e+01
1.035753643224713301e+02
1.228625746923607664e+02
1.175174274468235041e+02
9.596518158451461034e+01
1.003533986964446285e+02
8.129295934060210982e+01
1.092651589666084675e+02
9.186758951595238898e+01
1.016537309902886363e+02
8.163335454267527780e+01
1.027603816778872385e+02
1.074816898780908758e+02
1.065584304060980259e+02
8.145307403224700238e+01
8.143911694250999744e+01
8.143911694250999744e+01
9.940328232733602931e+01
1.117417047803748460e+02
1.138472334039241787e+02
8.152197540057264291e+01
8.145307403224700238e+01
1.119368534914551816e+02
8.145307403224700238e+01
1.161770789753337425e+02
1.143663210399820116e+02
1.090802572220244713e+02
1.101819800328749039e+02
8.153563451611796609e+01
8.145146695165627193e+01
1.104845524422985505e+02
1.144842551518688794e+02
1.121701770810049936e+02
1.171998434611131898e+02
1.050263733719162502e+02
1.068676474498386710e+02
1.055315995087374290e+02
1.161404610978063090e+02
1.009769306829244471e+02
1.028553090947862074e+02
1.165351131194291412e+02
1.270104825374071993e+02
1.074245819134458628e+02
1.090463729673283666e+02
1.094892111641381831e+02
1.123682406572633994e+02
1.150883142229621825e+02
1.096672382694726764e+02
8.153635098506318002e+01
1.002554793291232329e+02
8.179805960534636711e+01
1.142287174030250441e+02
8.153563451611796609e+01
1.159975009397629009e+02
1.005698214526005358e+02
8.995309849132900126e+01
8.229491749356026276e+01
1.130878555719506835e+02
1.018520256860549011e+02
1.077818419122035607e+02
9.995045976247867259e+01
1.115634960282109063e+02
9.859422518890249876e+01
1.034248425833048088e+02
8.145307403224700238e+01
8.153563451611796609e+01
8.165401127212271604e+01
1.223931467628452623e+02
8.145307403224700238e+01
1.091627424206321422e+02
1.196243035884824053e+02
9.987789875863853695e+01
1.029389154436839959e+02
1.081196333892326606e+02
1.020929389751270122e+02
1.026320479202564684e+02
1.142594579677038666e+02
1.077749329049148628e+02
1.024132858849870473e+02
9.925076389694825707e+01
1.002262014847126324e+02
1.141957058256529081e+02
1.009657098224995764e+02
1.177378081670959773e+02
1.196239553203995314e+02
1.127383841295482512e+02
1.117003338865093980e+02
1.176027067615181068e+02
1.131265223386485559e+02
1.009602282244940739e+02
1.156038880313327724e+02
1.123830524640034554e+02
1.008530781658397473e+02
9.454104757925156832e+01
1.009379640575873083e+02
1.166581947997822510e+02
9.435913662016405112e+01
1.053784730623610528e+02
1.052271913907025436e+02
1.127996033519788170e+02
1.161673229454209348e+02
1.183261249078364443e+02
1.164644442472567647e+02
1.079236248721132085e+02
1.217647468512802647e+02
1.091809039659671896e+02
1.159927778161583802e+02
1.157225371346956280e+02
1.166661179218760509e+02
1.077695931150037438e+02
1.048722445361007658e+02
1.048141085744555596e+02
1.144509710790919854e+02
1.065109132799242957e+02
1.131792986496951414e+02
1.111400947638177286e+02
1.077008834656038374e+02
1.015472954827210543e+02
8.145307403224700238e+01
8.145307403224700238e+01
1.136354491019480975e+02
1.305089472298853650e+02
1.157086944724527342e+02
1.157246580247349357e+02
1.043817647800937181e+02
1.031074321231637043e+02
1.207011327473597504e+02
1.230251838951720202e+02
1.232862977568474889e+02
1.220897976590201779e+02
1.067252952106727832e+02
1.047915646135293883e+02
1.097129610048734918e+02
1.076425084522909543e+02
1.135296342869970943e+02
1.053800184415621146e+02
1.021519750595577847e+02
1.166005847702668916e+02
1.228396906386288805e+02
1.171977849914776328e+02
1.151039518427088240e+02
1.170979235630761082e+02
1.168172422896799532e+02
1.026330776289141795e+02
1.046557466721265541e+02
1.148425319500802431e+02
1.007237863081213334e+02
1.054046123300215783e+02
1.057707834064631811e+02
1.252282118197879441e+02
1.106320499434980178e+02
1.060038727321292100e+02
1.112793050470141907e+02
1.184208994092620344e+02
1.120208730007806111e+02
1.210095859511629612e+02
1.155662245127130205e+02
1.181801913947303149e+02
1.062332143550012233e+02
1.152629211386688866e+02
1.114919672337422440e+02
1.167471343883101298e+02
1.140573077009091207e+02
1.036466837109713737e+02
1.143692025581454317e+02
1.184288620522854245e+02
1.145645417991051005e+02
1.185682574395704165e+02
1.348949021012486469e+02
1.171838116925131459e+02
1.249819593404132831e+02
1.083636163739034544e+02
1.064417744348011041e+02
1.051753271089177701e+02
1.202368712200836569e+02
1.177526120217791146e+02
1.155078434492680373e+02
1.131425572423114687e+02
1.262331921710349434e+02
1.136670970079473904e+02
1.130551611029296453e+02
1.146422668060928913e+02
1.244243968978042290e+02
1.072796136064247889e+02
1.117347953870559678e+02
1.035664187467994566e+02
1.046297256701813723e+02
1.227271609661499667e+02
1.031548698543092399e+02
1.194871802268081638e+02
1.152904682055858530e+02
1.005845601027064617e+02
9.021038882737929043e+01
1.221116793391934010e+02
1.166390395706508514e+02
1.166390395706508514e+02
1.290835779364135476e+02
1.071596427079404350e+02
1.036244002944487761e+02
1.052780689336145485e+02
1.258446996732386793e+02
1.071977669037357970e+02
1.008044089518936488e+02
1.152485898393225909e+02
1.078740144392980085e+02
1.159976036279401086e+02
1.072560752920988421e+02
1.115979390582361646e+02
1.156158823636323234e+02
1.338663294804470354e+02
8.291418712494025556e+01
1.312936715285656533e+02
1.143092781616658300e+02
1.231602119340331143e+02
1.164026256998278797e+02
1.167812045776187091e+02
1.081746460981744491e+02
1.217214946257832509e+02
1.181602761654887956e+02
1.302956484032198148e+02
1.066711049032154506e+02
1.043906240001460475e+02
1.259460631945061380e+02
1.194195704327750889e+02
1.076993201967071059e+02
1.043780035694679071e+02
1.303303080106448988e+02
1.055121686663621006e+02
1.302229652930425061e+02
1.244268003517235002e+02
1.330752278964043285e+02
1.289291747186411783e+02
1.131349781051122818e+02
1.334061153953135488e+02
1.040542693889604493e+02
1.187093915237017683e+02
1.204252641031624051e+02
1.112298394669501960e+02
1.146831277722192794e+02
1.193044414931263617e+02
1.027805426519868632e+02
1.353718317123565100e+02
1.307265510096900414e+02
1.309950890517018820e+02
1.149328200633415662e+02
1.179591577483574412e+02
1.289468798217156689e+02
1.216112366011992520e+02
1.065968286171542161e+02
1.161035642329417357e+02
1.242455623372147784e+02
1.150323912108990498e+02
1.274332006868716576e+02
1.317778284182909374e+02
1.154568905253072302e+02
1.166390395706508514e+02
1.357660780390191917e+02
1.106815731392209017e+02
1.136392435741575611e+02
1.128498079815391577e+02
1.177701724982753291e+02
1.070227370788462480e+02
1.280473113944370027e+02
1.328402965842193453e+02
1.113992192526951044e+02
1.245956020520974761e+02
1.138701546959805171e+02
1.187138050044240316e+02
1.297843307079810415e+02
1.304383561737914192e+02
1.124362251478371064e+02
1.082050079871792718e+02
1.113466438458862910e+02
1.093508209625972825e+02
1.239336627465763314e+02
1.175385067947028261e+02
1.171073666340900843e+02
1.130150037753780055e+02
1.252954307329402894e+02
1.230948058074186235e+02
1.118325392312493989e+02
1.261863590684372696e+02
1.172830751709311983e+02
1.087066340727266152e+02
1.131225689936201775e+02
1.236743845940096946e+02
1.379088033742089294e+02
1.368686616794288398e+02
1.179752320801947150e+02
1.172136438839009998e+02
1.233016956522670142e+02
1.190814679519121597e+02
1.081102193034537606e+02
1.157526100715824242e+02
1.236093954968268633e+02
1.270100873319190384e+02
1.184389341677878065e+02
1.157751406094787399e+02
1.217248733676327959e+02
1.086961980209094918e+02
1.189300061546168052e+02
1.174189189610162742e+02
1.267210389253188509e+02
1.163964018180716664e+02
1.108701441214372920e+02
1.256561625498947166e+02
1.164593950175868287e+02
1.178955196181279916e+02
1.060781081023455243e+02
1.331889666846589080e+02
1.252003075850286393e+02
1.211501692773624796e+02
1.316703565416461288e+02
1.162769307095233842e+02
1.040144913299106264e+02
1.116447054989037611e+02
1.244074023709973034e+02
1.242922181593270921e+02
1.219987848910388095e+02
1.245687720823159026e+02
1.323381582167173462e+02
1.385840526285089140e+02
1.234189647224135911e+02
1.226479775311204747e+02
1.172184273880993572e+02
1.178038001533156915e+02
1.270089883767898868e+02
1.132779937041043326e+02
1.284219855844584686e+02
1.293498157107187581e+02
1.341757634573285998e+02
1.111077620636273053e+02
1.332630084439706195e+02
1.300894103595095999e+02
1.123273351657010721e+02
1.350450083304470184e+02
1.254355338322852162e+02
1.302062138134816109e+02
1.310040402566284286e+02
1.396967683956635540e+02
1.349788424229077179e+02
1.224718341597424711e+02
1.266661182933391245e+02
1.003422627043420761e+02
1.253851443284956559e+02
1.435988439453437877e+02
1.212078160778672640e+02
1.143256202585549346e+02
1.180922228198881072e+02
1.408994733941697177e+02
1.289767329071753181e+02
1.293313018449342451e+02
1.372711568404820071e+02
1.250311948908403394e+02
1.254192617162882328e+02
1.148367107647197400e+02
1.256279169780519993e+02
1.223111401030848100e+02
1.359562659977653709e+02
1.234185819280555307e+02
1.332976877100406909e+02
1.374932384174739468e+02
1.180108597338460612e+02
1.302116776537350233e+02
1.166581655029319364e+02
1.309737559339725692e+02
1.425001091496881998e+02
1.353769021979025524e+02
1.245116508006006768e+02
1.255222745837285458e+02
1.288251269287499667e+02
1.161910121355326311e+02
1.217684160166501641e+02
1.248457529985705463e+02
1.162334527094435686e+02
1.107698568746251198e+02
1.310397824408762801e+02
1.249191648975359499e+02
1.224680674390895661e+02
1.436339581289344665e+02
1.388635592023733807e+02
1.325454475156092542e+02
1.398783497185566205e+02
1.395154023050677097e+02
1.441643666417364500e+02
1.211982691248155390e+02
1.240522316354737313e+02
1.246475893321854613e+02
1.242170907275189506e+02
1.550320833835810959e+02
1.531651395605771881e+02
1.491346150095988321e+02
1.244093902190085998e+02
1.286345014869000067e+02
1.254379142029238636e+02
1.380150423048748962e+02
1.178030232422541275e+02
1.255325009787275548e+02
1.403530248175082704e+02
1.462640436097749159e+02
1.234226478895519534e+02
1.283795926876823046e+02
1.538196767712529436e+02
1.569180541218499627e+02
1.502786934532406349e+02
1.185258278876866171e+02
1.487479215975723150e+02
1.527327492895188072e+02
1.391046841746286304e+02
1.400122846285289029e+02
1.412532467895119339e+02
1.387919794784201599e+02
1.233188290528495799e+02
1.290303568952215016e+02
1.182921082283601635e+02
1.273893255260527155e+02
1.393221537022614598e+02
1.229918620080406697e+02
1.269120304556397230e+02
1.329910398316086457e+02
1.270898301096808183e+02
1.461411624061109364e+02
1.444956394472150691e+02
1.459604851181705953e+02
1.527951119071681205e+02
1.488119674502952421e+02
1.507178832570885447e+02
1.309574782467346665e+02
1.304412324655725683e+02
1.212628070922608572e+02
1.425284926966149328e+02
1.191389720768246292e+02
1.041376845556920472e+02
1.168991445753912899e+02
1.480015088027854233e+02
1.430545650274323748e+02
1.376618439459095669e+02
1.294587332761216771e+02
1.363597520215184602e+02
1.500550058476199808e+02
1.359747170943896890e+02
1.576597519627329973e+02
1.421364706980740777e+02
1.409256457985717930e+02
1.509875194032763659e+02
1.503984330216374588e+02
1.510461421877384396e+02
1.422329289392907299e+02
1.324055457614546185e+02
1.672908108708394366e+02
1.675358108708394411e+02
1.677113029343315134e+02
1.665385558078947383e+02
1.665975330806220143e+02
1.168854338381389368e+02
1.262256983359999936e+02
1.296328625816099986e+02
1.365554687232129538e+02
1.406609978553888141e+02
1.192098103911493894e+02
1.192098103911493894e+02
1.266919619414350109e+02
1.265630649114315105e+02
1.532565532993481554e+02
1.330961581055101988e+02
1.345605185502818699e+02
1.383482474075020150e+02
1.318827584520457776e+02
1.455931292374058330e+02
1.424813493503833399e+02
1.391282266105046119e+02
1.365890352189086059e+02
1.289648232452958041e+02
1.499596995411611999e+02
1.542661437232558228e+02
1.440255340751908761e+02
1.252282118197879441e+02
1.445066902413891512e+02
1.282994054069347669e+02
1.397324074558655980e+02
1.598094224261051011e+02
1.627770562112217760e+02
8.153563451611796609e+01
1.483273903347018745e+02
1.223940629757895380e+02
8.198197621560875348e+01
1.008364954603823662e+02
8.176926231231220754e+01
9.896912569828766948e+01
8.711589889204887527e+01
1.254870191701344737e+02
1.107421864160809406e+02
1.045360715589051352e+02
1.135112293523674225e+02
9.297619958940668994e+01
1.015116624721511158e+02
1.118378391971093322e+02
1.354901682911781791e+02
8.145307403224700238e+01
9.234187390221816827e+01
1.140705627994407507e+02
8.223331111415859596e+01
5.875652073121258923e+01
8.231587159802955966e+01
5.543602515674886178e+01
1.172378865690644858e+02
1.177478075828996396e+02
1.012543255606007619e+02
1.201013493428257419e+02
8.242200336376336622e+01
1.153642200830941675e+02
1.433206287998897324e+02
1.045360715589051352e+02
8.192790081711133610e+01
1.073203502402178486e+02
8.207906918151331865e+01
8.145307403224700238e+01
1.115634960282109063e+02
1.133507006990602832e+02
8.153563451611796609e+01
1.095835824295825915e+02
8.185342987677388749e+01
8.185342987677388749e+01
6.778813002192057979e+01
9.715668427242221128e+01
6.272118230863804911e+01
4.998957716113130800e+01
8.980973001167450320e+01
1.337686866753391257e+02
1.226990560934544874e+02
8.162008390254067081e+01
1.114377328068866575e+02
8.127218898539477721e+01
8.166515000374725730e+01
1.220065927181250203e+02
9.425190400083650388e+01
1.002055589994244542e+02
1.119633078494173191e+02
1.195420012973502537e+02
1.157751406094787399e+02
1.307793309174625165e+02
1.019914466743157675e+02
1.192242720539156551e+02
8.145307403224700238e+01
1.136218721093632524e+02
8.145307403224700238e+01
8.145307403224700238e+01
8.145128699886788581e+01
9.623460971841363687e+01
8.153563451611796609e+01
1.126031050416113146e+02
1.069620523102613703e+02
9.385194144021548368e+01
1.170212801280505772e+02
1.039621950235158891e+02
1.093104479660089083e+02
1.193649839476617842e+02
1.218084684508759921e+02
1.121573282526259305e+02
1.149111121635851873e+02
1.115979390582361646e+02
8.231587159802955966e+01
8.087017729581305048e+01
8.153563451611796609e+01
1.125160390776570694e+02
8.111840498036863778e+01
9.211473990995798999e+01
1.081861019791786447e+02
1.159072414756827953e+02
8.180446597994031777e+01
1.216166328605145992e+02
9.684416477851887350e+01
1.131916847903864607e+02
1.147078473987313174e+02
1.156739447595912651e+02
8.153563451611796609e+01
1.174442358728751117e+02
1.048227846326866768e+02
1.101578911793003783e+02
1.130548409284215268e+02
1.093347959805620633e+02
1.118704982752294086e+02
1.257883967975726875e+02
1.436490500187265127e+02
1.229206697655668563e+02
1.166132782291291505e+02
1.200077660856187975e+02
1.508257896760503911e+02
1.081429392321805238e+02
1.174142690812173981e+02
1.152776581905420699e+02
8.135776773616078117e+01
8.153635098506318002e+01
1.019314002611556589e+02
1.095130152745212655e+02
1.118325392312493989e+02
1.175597700701365227e+02
1.175588169536708563e+02
1.165272438207895505e+02
1.336604190176613258e+02
1.329639502021569513e+02
