9.060218428400500557e+01
1.277170571038621745e+02
1.014718533115940886e+02
8.303874838439527650e+01
1.076727355962790398e+02
1.215785341211262960e+02
1.023563888257618970e+02
1.155781418614631377e+02
9.708090372701002480e+01
1.020578749122747979e+02
1.066826525440124556e+02
9.445838114859455459e+01
1.014031303016693215e+02
8.424645131959000821e+01
9.954557517240709785e+01
1.107993072424121976e+02
1.029582034827126336e+02
9.594132153001326913e+01
8.276921934274292880e+01
8.288487055078493881e+01
9.647251156781055670e+01
1.143701975238301145e+02
1.141087225400838037e+02
8.232636075363700456e+01
8.272138846038998850e+01
1.117319515850038698e+02
8.286451346038998622e+01
1.146265286709158886e+02
1.135361613930037379e+02
1.049756617371353684e+02
1.073963770174566292e+02
8.252229117532212399e+01
8.257999711727336489e+01
1.079153510492147916e+02
1.060562422760271772e+02
1.150916820859580838e+02
1.104686197931380747e+02
1.170613537866684482e+02
1.000882450964877535e+02
1.048056936465860502e+02
1.026005679088726339e+02
1.153480709506859654e+02
1.046727782978000363e+02
1.026496300271921598e+02
1.018313766261478150e+02
1.145115803848261038e+02
1.296846149268556871e+02
1.033604328960652197e+02
1.075845540395380624e+02
1.055454832518606452e+02
1.192099690937049701e+02
1.123804019224938742e+02
1.150847125338112136e+02
1.079427218537586128e+02
8.335043144822083150e+01
1.004240128104949861e+02
1.107783345309221943e+02
8.298140707741126221e+01
1.160611556361240559e+02
8.270809434274292471e+01
1.147615138340511010e+02
1.010953204491029425e+02
9.508453955607434693e+01
8.326535658572669263e+01
1.150663649169522387e+02
9.984696031162791030e+01
1.034929723648489244e+02
9.834271175979138491e+01
1.096168372602952843e+02
9.449657339060883032e+01
1.012239529595329230e+02
8.272138846038998850e+01
8.270809434274292471e+01
1.272918381170615589e+02
1.077301031851788480e+02
1.239234017647884230e+02
1.081189316391687782e+02
1.014191918638969980e+02
1.038076214556002270e+02
9.898116112304519731e+01
1.011221783709151367e+02
1.151530171188972673e+02
1.112975713338798869e+02
1.001257474831440533e+02
9.985549082285768918e+01
1.085175876128147081e+02
1.005771998652358548e+02
1.184891735959364496e+02
1.222307460290442407e+02
1.185108395635601255e+02
1.109993701279212246e+02
8.276921934274292880e+01
1.196695368242970403e+02
1.122952238167255530e+02
1.010415329202777031e+02
1.134918636376728927e+02
1.071386779975431836e+02
1.153447936536152412e+02
9.909041888123236674e+01
9.749850892429827809e+01
1.134831493100163016e+02
9.899607802747351570e+01
1.196405535258160739e+02
9.801972070968247408e+01
9.988220651468263611e+01
1.061139887254559540e+02
1.020481489460334217e+02
1.146847187235103434e+02
1.143879950489080244e+02
1.176649684382197307e+02
1.139065614294656825e+02
1.194272202160492071e+02
1.091699259137382683e+02
1.169776190414481931e+02
1.038046799903597162e+02
1.147803676794740824e+02
1.134972697502695524e+02
1.147289405030549148e+02
1.078849158356508298e+02
1.046511639985171627e+02
1.039251942646891251e+02
1.164472325815921323e+02
1.080825760597152509e+02
1.049871057144767406e+02
1.087386983284236948e+02
1.036486436556760395e+02
1.011214694523671938e+02
8.286451346038998622e+01
8.286451346038998622e+01
1.138337569139314951e+02
1.270788316006433263e+02
1.137130403126346465e+02
1.156720818823426953e+02
1.025560261439091363e+02
1.133591197893494638e+02
1.185416038535560688e+02
1.202478875440537536e+02
1.217242232318737791e+02
1.225936890860924251e+02
1.048428589465828509e+02
1.045646270312766148e+02
1.089860487517160124e+02
1.009303398787505728e+02
1.174804915366632514e+02
1.257301243165828168e+02
1.225230241388331081e+02
1.104954222208313297e+02
1.145105212667725283e+02
1.155969029348541284e+02
1.158743804731821001e+02
1.028314653475058265e+02
1.049609491230683460e+02
1.070743722835589011e+02
1.012599231100722079e+02
1.035989075687445080e+02
1.247256660210859138e+02
1.137420605611909821e+02
1.075757529825521033e+02
1.095964567251699009e+02
1.137385463655476627e+02
1.095672899832031391e+02
1.180641923701124085e+02
1.181128654198332555e+02
1.097165600903573477e+02
1.050581664220781448e+02
1.139299471196106168e+02
1.086694054581507771e+02
1.145124289920391050e+02
1.138532525851393302e+02
1.121954912595607965e+02
1.197070293852076617e+02
1.180721745212151035e+02
1.175599897190604395e+02
1.328936247766569920e+02
1.155243809511118656e+02
1.064641669805906474e+02
1.066671369525404174e+02
1.193315862615547331e+02
1.153250084548912895e+02
1.106284701457471442e+02
1.153912592916014006e+02
1.157404201405836233e+02
1.146047681354644396e+02
1.149308048188423896e+02
1.270989970043527251e+02
1.145344826948265080e+02
1.012893979449104478e+02
1.080381375461049203e+02
1.116950871197156800e+02
1.046944744690134428e+02
1.027296825388378068e+02
1.231507634261733273e+02
1.143733574585651240e+02
1.136853849113212789e+02
1.004102275355295717e+02
9.943154486620012733e+01
9.020889329860412431e+01
1.231129935328313536e+02
1.146890656732967244e+02
1.141511555730548650e+02
1.141511555730548650e+02
1.270089170541432679e+02
1.018906928218706867e+02
1.121586812245222973e+02
1.025423948896068538e+02
1.252412904442120833e+02
1.156559146984361206e+02
1.034178421591513484e+02
9.985834078174841011e+01
1.161150264120735613e+02
1.057584629022533420e+02
1.122922646500401243e+02
1.013751459415136082e+02
1.096563450435231744e+02
1.161617364255016156e+02
1.316850975454709669e+02
8.352980212718725284e+01
1.032076617736837960e+02
1.312919011649883601e+02
1.105971014597132296e+02
1.256120227414221233e+02
1.154840211185336756e+02
1.164198112550182742e+02
1.183105812125184997e+02
1.171774594771861047e+02
1.345361495703962476e+02
1.101395730201046490e+02
1.051581806187060408e+02
1.183320290965399124e+02
1.175359492215310979e+02
1.110208640559167890e+02
1.133547065091508017e+02
1.041180407925318434e+02
1.271751473079278583e+02
1.263788616726210137e+02
1.300844961156086299e+02
1.266598052388771265e+02
1.266598052388771265e+02
1.133275584646587362e+02
1.340739591398084372e+02
1.014558552000248852e+02
1.217097781491687840e+02
1.105491876721617075e+02
1.150253544300834250e+02
1.186589160092789541e+02
1.365109870123333167e+02
1.303332301734840541e+02
1.322078540567321170e+02
1.139122997580124519e+02
1.154301452561117998e+02
1.292216244872263644e+02
1.301610249575478804e+02
1.110109697596276419e+02
1.272892641405521914e+02
1.135664437859672375e+02
1.249336997785514995e+02
1.192099690937049701e+02
1.155040289211783175e+02
1.155040289211783175e+02
1.155040289211783175e+02
1.141511555730548650e+02
1.330515409329343868e+02
1.155367641281994082e+02
1.116708932120202888e+02
1.201630740295905753e+02
1.142249413826956470e+02
1.172534651444476168e+02
1.047816064560041411e+02
1.323501336716019239e+02
1.331931013431886299e+02
1.103419946494881856e+02
1.287063048821590598e+02
1.126539831249264694e+02
1.165540022023968874e+02
1.329276825562358795e+02
1.120734186120694886e+02
1.036658021695357661e+02
1.134497268019440952e+02
1.144467440901605499e+02
1.225275032878863897e+02
1.171443781063626517e+02
1.140644935380346396e+02
1.110288758726152878e+02
1.246458064778855004e+02
1.375495989468275582e+02
1.244328984851372866e+02
1.107996975676138476e+02
1.268682333469742360e+02
1.158022249353542605e+02
1.102491072331013982e+02
1.197361652557433871e+02
1.441036430898450362e+02
1.150114462580597632e+02
1.136028825853099136e+02
1.261206282455779046e+02
1.168322107518281427e+02
1.114389156553129538e+02
1.178618511077680608e+02
1.171252222909216982e+02
1.249765527853113554e+02
1.249765527853113554e+02
1.146604157600780525e+02
1.200724854052722321e+02
1.070078739817894444e+02
1.181281851378489023e+02
1.251301212318288520e+02
1.138250254631638256e+02
1.111755943598898568e+02
1.277864199420741897e+02
1.134342687513027812e+02
1.249493619287713244e+02
1.224038524377963313e+02
1.044411170702586560e+02
1.335547998667498462e+02
1.256122678360903251e+02
1.342691399900392071e+02
1.182479670326578258e+02
1.017922273602828085e+02
1.124603285036233871e+02
1.149355004566279348e+02
1.235130242937074883e+02
1.325615101680141379e+02
1.244543578387352625e+02
1.279988012839082216e+02
1.283449645304160924e+02
1.337196500167953275e+02
1.421015052398313969e+02
1.191140813284250157e+02
1.244410328955658969e+02
1.152458669699065013e+02
1.213062992725115521e+02
1.301193546708863664e+02
1.154813530410916087e+02
1.255332222805312483e+02
1.338494208790280027e+02
1.116378377691888630e+02
1.361833699043347679e+02
1.326777907078078158e+02
1.069743766238633214e+02
1.392801217512127039e+02
1.378074410065021880e+02
1.214606921910338002e+02
1.334383485172639325e+02
1.303551136428984023e+02
1.382968848137688553e+02
1.324402536384967846e+02
1.221333626566852217e+02
1.236422608553472458e+02
1.008094531338713011e+02
1.233726851332414611e+02
1.442270432922096290e+02
1.288301978904133307e+02
1.261416171319163624e+02
1.113323917652690653e+02
1.178873353699501649e+02
1.412728101977388633e+02
1.290820192629796281e+02
1.307830508397612448e+02
1.368860317766647654e+02
1.288817588970058807e+02
1.241809164553258000e+02
1.116599666544119600e+02
1.278175791704111361e+02
1.147273937328038613e+02
1.354567710828036695e+02
1.195210812852563294e+02
1.343238285457063625e+02
1.191895599498916170e+02
1.459444121886354822e+02
1.185826534814228097e+02
1.299948059204951960e+02
1.400068290267154225e+02
1.353670856622060228e+02
1.307981972644092252e+02
1.311731540286594679e+02
1.320614101336475130e+02
1.189687442369085630e+02
1.211326303200486905e+02
1.203862915794188098e+02
1.129824572815810342e+02
1.273388988376337210e+02
1.200803752797174013e+02
1.241769472002549719e+02
1.374562498976197844e+02
1.262994751437203291e+02
1.326988338948471551e+02
1.492353892462306248e+02
1.391093454188324756e+02
1.547795158036568637e+02
1.164147399290302616e+02
1.283075991345023112e+02
1.340087643911271016e+02
1.265793043294648612e+02
1.235292971593458020e+02
1.543895056573839213e+02
1.519057319142063136e+02
1.541497388565510960e+02
1.467829837206095647e+02
1.233323030071323956e+02
1.308026442110192420e+02
1.355851298450464526e+02
1.297789411672110020e+02
1.344853806130390694e+02
1.156539490420157250e+02
1.291187750716620144e+02
1.411706597759498436e+02
1.509742224723738673e+02
1.219654876332025992e+02
1.289254562918959266e+02
1.543681474789215713e+02
1.549936032980975256e+02
1.484335912585665938e+02
1.162810641613817779e+02
1.567816376561833351e+02
1.546473731786962844e+02
1.468436134372224728e+02
1.404083612820571147e+02
1.444972395993663099e+02
1.399109254014037447e+02
1.243470553501297218e+02
1.390468118560056610e+02
1.190670018556883463e+02
1.181448871484542167e+02
1.278895692966509046e+02
1.462859439323342770e+02
1.199793499719739316e+02
1.319758009039956903e+02
1.381438952676207634e+02
1.293897914938899589e+02
1.497984017389451594e+02
1.530480090238525577e+02
1.540656443955506916e+02
1.511459120456023584e+02
1.349590304028758396e+02
1.261425723924295568e+02
1.390666064296681839e+02
1.191155252112753402e+02
1.029473285837584626e+02
1.148651284600046978e+02
1.498025150806207080e+02
1.441939947673303664e+02
1.411180361971845230e+02
1.415024244499116719e+02
1.505572654435626134e+02
1.333255700760232969e+02
1.418512966095438230e+02
1.379248185048116397e+02
1.571872725768182590e+02
1.496842935875112914e+02
1.175289847663656246e+02
1.459198371596836239e+02
1.547728622655682500e+02
1.573054913803233887e+02
1.506255962266693018e+02
1.441088301589442437e+02
1.274058820050466920e+02
1.661805147029895977e+02
1.657416447105481723e+02
1.656196447105481866e+02
1.654220613772148454e+02
1.181822168380160463e+02
1.347541769336260700e+02
1.306805329152641661e+02
1.426158783722516716e+02
1.465798072705356958e+02
1.457051051984103935e+02
1.150433108409408050e+02
1.307072738930724540e+02
1.589882285416254319e+02
1.288971611121579883e+02
1.518206843175756262e+02
1.192777155791878840e+02
1.413620464362512053e+02
1.405806449491629735e+02
1.308435099635283905e+02
1.393850254754590878e+02
1.315336810851052576e+02
1.580439283328781244e+02
1.497387679671283536e+02
1.372719761331924246e+02
1.248301272009611580e+02
1.265001035440708961e+02
1.490560162929784838e+02
1.571102087005598094e+02
1.247256660210859138e+02
1.443525649334901004e+02
1.286206484455620398e+02
1.467538578413903849e+02
1.603656652404073384e+02
1.587832515466106429e+02
1.557487078647199894e+02
8.252229117532212399e+01
1.491429205486510057e+02
1.244789057178263079e+02
8.254982297070543495e+01
8.252761083837702927e+01
1.017992158873142472e+02
7.892363706116202593e+01
8.356499082343950136e+01
1.076009347321223544e+02
1.090134673897283335e+02
1.144340417422450997e+02
1.014304341665871902e+02
1.090675263932313896e+02
1.115402760753729297e+02
1.356113407974925735e+02
8.286451346038998622e+01
9.821398240438084315e+01
1.139203987754096943e+02
8.265124786535713497e+01
6.171570121503869188e+01
8.227098636460299019e+01
6.724987700931126255e+01
1.201311308995489924e+02
1.002458856341305449e+02
8.299355525409333723e+01
1.355721051911639847e+02
8.259459750113956034e+01
1.004606581759668842e+02
8.270809434274292471e+01
1.096168372602952843e+02
1.078487093926047891e+02
8.252229117532212399e+01
1.065117897934114382e+02
8.260695797910656779e+01
8.242115481168576707e+01
7.270524437352486302e+01
9.542537249273277666e+01
5.449117411379683062e+01
5.967804405810505131e+01
1.384516446305185298e+02
1.264927458741765776e+02
8.252259932052376712e+01
1.132928140262554564e+02
1.157994296931141207e+02
8.284936341435758322e+01
8.257999711727336489e+01
1.204406895217010458e+02
9.612338379530532961e+01
1.002279162156280563e+02
1.115581943634085462e+02
1.201946750989789905e+02
1.145618012123782421e+02
1.327629701851697632e+02
1.039624638936235783e+02
1.291335836544959363e+02
1.220056715725231697e+02
8.270809434274292471e+01
1.014718533115940886e+02
1.141512149523796609e+02
8.286451346038998622e+01
8.263007463534354713e+01
8.287946768724842173e+01
9.904465485396507063e+01
8.286451346038998622e+01
1.049098843553239391e+02
9.668456370862678284e+01
9.989996962220281773e+01
1.097979203488053628e+02
1.234249690340821104e+02
1.187996589934143117e+02
1.132524575258281914e+02
8.227098636460299019e+01
8.199314646792271333e+01
8.258341617532212808e+01
8.325000519952423872e+01
8.964284355743407673e+01
1.149718762474138174e+02
8.336916994327921770e+01
1.198537302190602958e+02
1.053840710726792764e+02
1.075141463245800679e+02
1.132789262208507353e+02
1.137653502542548409e+02
8.286451346038998622e+01
1.165553656644498801e+02
1.013870579985290874e+02
1.168277803600856544e+02
1.175976606915491232e+02
1.151900958146099754e+02
1.110302136342837684e+02
1.143470434056098242e+02
1.113801051867502849e+02
1.282147643807870168e+02
1.469820071772921324e+02
1.198986612677756938e+02
1.240025839580560074e+02
1.284787306808337632e+02
1.511792205378010294e+02
1.074289842553093735e+02
1.145600582048125631e+02
1.142015289766572721e+02
8.271099081785729368e+01
8.335043144822083150e+01
1.029684376565691224e+02
1.051892860159873635e+02
1.107996975676138476e+02
1.191860524917335056e+02
1.235336489708930543e+02
1.176855545649517154e+02
1.177211217277762927e+02
1.360577793159477835e+02
1.388643172108801593e+02
