9.062938107130074172e+01
1.230980128534487505e+02
1.025038282343950016e+02
8.229274307470052463e+01
1.212664492454055107e+02
1.077458815930424265e+02
1.196146506211234026e+02
9.809334825876403841e+01
1.000693228608955110e+02
8.179023687991491443e+01
1.080336357762108150e+02
9.546760894666780928e+01
1.001646846496629166e+02
8.309047410268357226e+01
1.040637020982536285e+02
1.020774132285621647e+02
9.686477679444530509e+01
8.299127738089612194e+01
8.299127738089612194e+01
1.005537842636747143e+02
1.144096102958711185e+02
1.139096741866319888e+02
8.311477970711396779e+01
8.312963836631593040e+01
1.148694301026623208e+02
8.312963836631593040e+01
1.134430565340427677e+02
1.153169127431048651e+02
1.080665218069902664e+02
8.317745582663339121e+01
8.324758513697821627e+01
1.098731426383484830e+02
1.088130757234433048e+02
1.157595278725421508e+02
1.117805476432699123e+02
9.943215037445402515e+01
1.058466549002769455e+02
1.153843570621065453e+02
1.011804839223716215e+02
1.025569976676745085e+02
1.042947910241085197e+02
1.138471539636503849e+02
1.262056010800744872e+02
1.053407690405163493e+02
1.054631030065913393e+02
1.091416246370477410e+02
1.166654636689343647e+02
1.127653545678945477e+02
1.138199011972074715e+02
1.085290714620447972e+02
8.299127738089612194e+01
9.889844898416613717e+01
1.087758668773108042e+02
8.328726767666074693e+01
1.163403467735196699e+02
1.158919794160515977e+02
9.847059639415937227e+01
9.271949463952077508e+01
8.312963836631593040e+01
1.125594259135322517e+02
1.008410218202534026e+02
1.105213523288481667e+02
9.602447790664611205e+01
1.017815741574102333e+02
8.312963836631593040e+01
8.308995582663338553e+01
8.312963836631593040e+01
1.239436600687322994e+02
1.035466598484296554e+02
9.997439386732693833e+01
1.057872164409750013e+02
9.922851394133110148e+01
9.846903606232912409e+01
1.125188543922242275e+02
1.048488521128339670e+02
1.063515814235190931e+02
1.014023044300850671e+02
1.017876362152221787e+02
1.082287677620939093e+02
1.004127787085709258e+02
1.148992897539235116e+02
1.228591855632482606e+02
1.184634203665296752e+02
1.062266714335012523e+02
8.331019392187148753e+01
1.191901136800679240e+02
1.120099040155733832e+02
9.847956749885699423e+01
1.153032841062486824e+02
1.048371279476165938e+02
1.118452812864436652e+02
1.046515951566189386e+02
9.357402619133975463e+01
1.165926122565860794e+02
9.819145368866061574e+01
1.141346952192299966e+02
9.658518970402765547e+01
9.685618758413401963e+01
1.033630626643452217e+02
1.035585778535668027e+02
1.137069781772618029e+02
1.135224383224025644e+02
1.197274180508501047e+02
1.157563476314143571e+02
1.171783101424299645e+02
1.074478342074001063e+02
1.137451639800629550e+02
1.115325941712639803e+02
1.131782739034346434e+02
1.054316754591426957e+02
1.107231700316836225e+02
1.154664548106416362e+02
1.058365570915011062e+02
1.019590981461572881e+02
1.195585912929501831e+02
1.094849568889564182e+02
1.038512180032709011e+02
8.312963836631593040e+01
8.312963836631593040e+01
1.127073333672846189e+02
1.288185517275577752e+02
1.151167191211361853e+02
1.176508453396733813e+02
1.055373719280365208e+02
1.011275300998034368e+02
1.095491070532933406e+02
1.225138869295735589e+02
1.259792422949418551e+02
1.173911653196143305e+02
1.048760050425769492e+02
1.055951300310848922e+02
1.079671456858110616e+02
1.144065266898739424e+02
1.073335861650826786e+02
1.006257053587820849e+02
1.178660306544958729e+02
1.258728204153385093e+02
1.201659689814419636e+02
1.099952413969016334e+02
1.140823750841811801e+02
1.157835480441093523e+02
1.157308847811349182e+02
1.011199460554143883e+02
1.087139977723681028e+02
1.012726574584248596e+02
1.117004629676376908e+02
1.021823919040125759e+02
1.281942485765374613e+02
1.115425780365794992e+02
1.116408479223893266e+02
1.038205242285684164e+02
1.115414569030265426e+02
1.165225661185617696e+02
1.127349851165492680e+02
1.195007318865504828e+02
1.163084828998258473e+02
1.177828677657896321e+02
1.069255270442908881e+02
1.052683968183180383e+02
1.126978014907727470e+02
1.119246254174628490e+02
1.149502113230810778e+02
1.147935856615749088e+02
1.053243761395698783e+02
1.142525277194095708e+02
1.183825307271791303e+02
1.362225772319901296e+02
1.143860447424152937e+02
1.237045698223870147e+02
1.042517593284066635e+02
1.065535420112262130e+02
1.190670611367989267e+02
1.153944891725202524e+02
1.139536929300281543e+02
1.138447605577700870e+02
1.234461039751181346e+02
1.148756395265215957e+02
1.161242036855361306e+02
1.255703987531424133e+02
1.157872514024715400e+02
1.022762885106652391e+02
1.118355116595457162e+02
1.089443478338117473e+02
1.030773522611213764e+02
1.036345797097600041e+02
1.216908273577290913e+02
1.054506994966205440e+02
1.162526975258411142e+02
1.158793509086905829e+02
1.000962179963663203e+02
9.951940448380814530e+01
8.657701814997416534e+01
1.193722014002065919e+02
1.146307966547680905e+02
1.142257478463405818e+02
1.142257478463405818e+02
1.273997416112682401e+02
1.016631038185964258e+02
1.105238452507198730e+02
1.038596120858550194e+02
1.303812305423073497e+02
1.154460249888643233e+02
1.063383058820765967e+02
9.954589080268294765e+01
1.176485637434668803e+02
1.082445706864807420e+02
1.143817258150575782e+02
1.052059433637192285e+02
1.034148905794376532e+02
1.112978982452916341e+02
1.181070883661223831e+02
1.333799220270297496e+02
8.332946224679650982e+01
1.041458905268692945e+02
1.280948380913579570e+02
1.128953340110446959e+02
1.311277619817977893e+02
1.143333737135682355e+02
1.053017631616635725e+02
1.155881026504899580e+02
1.246927526675343785e+02
1.138470212266112185e+02
1.066452377306063681e+02
1.218168984392414416e+02
1.100527830615359193e+02
1.103187578402213802e+02
1.302522223170433904e+02
1.051783127813759933e+02
1.331745237307872287e+02
1.245719279906689394e+02
1.291737012141175001e+02
1.311910037880304287e+02
1.142607937513948144e+02
1.291195312995885445e+02
1.190890412846944315e+02
1.258281229550476041e+02
1.126176740367169486e+02
1.138956817055115636e+02
1.174713995530134412e+02
1.008735645317186140e+02
1.373540980678107530e+02
1.267298765506710367e+02
1.332609504093896078e+02
1.151056418863686019e+02
1.303789068277488639e+02
1.251160188199092858e+02
1.058001746399137062e+02
1.140894788170338501e+02
1.247042571679078264e+02
1.143082519645473099e+02
1.293084012002752843e+02
1.166654636689343647e+02
1.175126918505325904e+02
1.175126918505325904e+02
1.175126918505325904e+02
1.142257478463405818e+02
1.406846902902890122e+02
1.107562079250347722e+02
1.155754690920279302e+02
1.140246360405612336e+02
1.218810606959421818e+02
1.139386865682136545e+02
1.226364039132551511e+02
1.106987954312188549e+02
1.230922713093815304e+02
1.364476606190220878e+02
1.123885329437447922e+02
1.205195720897542060e+02
1.142619821841043120e+02
1.175295361563990042e+02
1.286878935389830474e+02
1.310971311848198013e+02
1.157812729607181552e+02
1.074724915240277738e+02
1.102519799275971337e+02
1.097433599266704789e+02
1.253903963634472944e+02
1.147455924661303612e+02
1.156241278478419190e+02
1.113529089929989908e+02
1.245783167236013327e+02
1.307238133695695410e+02
1.236937076671696758e+02
1.291804634193747461e+02
1.188131189738686260e+02
1.080407396847121220e+02
1.124572379835980769e+02
1.193327835798630900e+02
1.423034974814920304e+02
1.378932995393445253e+02
1.138652219364767717e+02
1.153256833310337299e+02
1.314736408931102574e+02
1.160619521463929971e+02
1.045667448791540437e+02
1.187700301945070578e+02
1.192239545085789416e+02
1.158577765466658036e+02
1.285508760836887916e+02
1.285508760836887916e+02
1.215465168367482676e+02
1.169956619909811053e+02
1.177362928789324314e+02
1.182693772516468869e+02
1.284704728091603840e+02
1.138663788673199520e+02
1.126879808253134598e+02
1.308856358466643428e+02
1.156140372545864352e+02
1.227242659773639275e+02
1.171678090940334016e+02
1.412134339102516378e+02
1.325149899364171517e+02
1.227838417620019413e+02
1.186492373266087554e+02
1.126168270523023693e+02
1.269966683009233464e+02
1.325682639418228916e+02
1.231284133543822179e+02
1.243986967688786507e+02
1.197734608371209646e+02
1.349206494933849285e+02
1.420055642837088214e+02
1.181562062583692665e+02
1.249060307136134895e+02
1.162474187115933120e+02
1.197542848820180694e+02
1.292135219646757776e+02
1.191714277995053521e+02
1.308297422150798184e+02
1.294474040148679137e+02
1.244507081426958592e+02
1.147157241098109921e+02
1.383985068062458765e+02
1.303281128099600323e+02
1.115601231641268356e+02
1.264043347236488586e+02
1.414172460444449371e+02
1.191055805178672244e+02
1.329286333487147260e+02
1.387499862621037892e+02
1.349442873491379373e+02
1.206306382460057591e+02
1.306088174066624390e+02
1.181340758232379784e+02
1.408296477191233862e+02
1.352291805001031264e+02
1.246761939793061771e+02
1.120962184042265477e+02
1.193572792519143917e+02
1.397865808128126162e+02
1.287754635039339632e+02
1.320447500451460314e+02
1.295981615184690554e+02
1.204288961023403175e+02
1.158518340092863070e+02
1.288131030250563356e+02
1.169051333002315403e+02
1.428495643945264533e+02
1.231235496998315995e+02
1.327800692834055099e+02
1.176437605803098734e+02
1.501418604746917822e+02
1.320240832822012464e+02
1.205295506960465985e+02
1.379478328474106661e+02
1.340785382154097931e+02
1.261096051211385998e+02
1.172679017610381322e+02
1.192207950688153204e+02
1.187221349938124604e+02
1.251424217756944017e+02
1.149982070283741962e+02
1.086233462522722277e+02
1.262702049356231129e+02
1.212383492386413195e+02
1.498677645658508197e+02
1.289692889441831198e+02
1.365525384127663244e+02
1.468397210155386858e+02
1.384644772135295057e+02
1.517738020121297211e+02
1.170841241802144310e+02
1.222912904260974898e+02
1.325443199571756168e+02
1.253633543224877087e+02
1.173218279443275094e+02
1.470951863543449463e+02
1.495900442251248705e+02
1.214923152785411986e+02
1.212355895207347061e+02
1.413026013024505687e+02
1.259190535437138152e+02
1.145803279030605495e+02
1.291183019137849897e+02
1.395699146830325219e+02
1.513971612360489303e+02
1.315367623595919326e+02
1.537320976092594265e+02
1.517980489445975536e+02
1.160277155845870993e+02
1.525890438684444348e+02
1.520416972779586047e+02
1.390262275778761989e+02
1.430835380802278110e+02
1.413665915006499176e+02
1.424224907042423354e+02
1.184823202315173631e+02
1.428489636479029059e+02
1.216325345567407368e+02
1.365830209353625264e+02
1.213431177148097646e+02
1.409148087243814587e+02
1.226505923007029537e+02
1.328303247672239706e+02
1.373294860278063538e+02
1.225153125696711101e+02
1.447386987374290186e+02
1.502372387191485075e+02
1.450929442905092230e+02
1.537529703222863589e+02
1.482043794221616508e+02
1.514164505564198464e+02
1.301611199248003459e+02
1.353838780910479613e+02
1.243207716354427816e+02
1.378902756453125562e+02
1.174653593495649773e+02
9.989686259141240043e+01
1.111022614916844873e+02
1.529320152236479089e+02
1.391173526047408018e+02
1.282450899183095601e+02
1.429019135507727469e+02
1.521610108792536380e+02
1.337424975547322674e+02
1.537143719722556625e+02
1.450639706169010310e+02
1.422453081868330287e+02
1.470588356433217996e+02
1.537269893276019275e+02
1.179097261591842596e+02
1.463793571732007308e+02
1.498399773446995198e+02
1.514813936710846747e+02
1.512678170303698550e+02
1.455748234941286512e+02
1.285241260414251485e+02
1.687491725070908046e+02
1.684472817507883065e+02
1.690029582213765593e+02
1.692279106023289330e+02
1.688579991570490506e+02
1.189872565026946774e+02
1.322121344180075084e+02
1.348148428767641747e+02
1.325483998720541194e+02
1.363346949017531529e+02
1.207702782041552609e+02
1.207702782041552609e+02
1.353016279330049088e+02
1.535214092671623973e+02
1.281980035065504637e+02
1.590180270039736854e+02
1.209134737294329653e+02
1.417794711157840482e+02
1.343801557697719318e+02
1.446449200855115578e+02
1.306342686272993774e+02
1.477022150520285493e+02
1.395169656388998192e+02
1.279143584606828910e+02
1.491451256912717440e+02
1.565753475901169907e+02
1.511013476750168252e+02
1.281942485765374613e+02
1.430436359602068137e+02
1.313210952373924840e+02
1.651978063030993553e+02
1.702486654873885641e+02
1.694149521488056678e+02
8.317745582663339121e+01
1.530962198508829601e+02
1.202254526331075795e+02
8.300548613313678459e+01
9.695784118300171883e+01
1.030450244967906741e+02
7.571810655922914179e+01
1.241736200803022427e+02
8.282788452375325505e+01
1.097524879882952433e+02
1.061143538082514084e+02
1.192712967466261489e+02
8.648283394433386206e+01
1.043909272445189345e+02
1.120134963889434232e+02
1.333903024658574168e+02
8.312963836631593040e+01
9.422118325314136200e+01
1.107628503192514131e+02
8.329153489636914287e+01
6.591339132806942303e+01
8.329153489636914287e+01
5.050460399951735724e+01
1.201471116228115648e+02
1.172630000660269047e+02
1.047208500428721720e+02
1.192665944597987675e+02
8.328726767666074693e+01
1.127885865377704278e+02
1.439932577359843435e+02
1.061143538082514084e+02
8.364457842147149336e+01
1.014762827308404383e+02
8.282152573885998947e+01
8.331019392187148753e+01
1.105213523288481667e+02
1.090010063220073135e+02
8.317745582663339121e+01
1.084706221910806789e+02
8.308995582663338553e+01
8.308995582663338553e+01
6.304659199358270172e+01
9.547923288117164020e+01
6.058929139670280506e+01
5.507262853295319616e+01
9.085244861118519566e+01
1.341946460802460024e+02
1.232807539871388229e+02
8.292354168869235309e+01
1.111589345717121233e+02
1.171594019372251267e+02
8.304213836631592471e+01
8.324758513697821627e+01
9.525052156742835052e+01
9.889376913423329540e+01
1.119986991748940426e+02
1.226672483029892362e+02
1.169956619909811053e+02
1.130731119713610440e+02
1.292784004569877823e+02
1.042634612328113519e+02
1.266388147655724055e+02
1.218101447348156086e+02
1.025038282343950016e+02
1.150782694831176514e+02
8.312963836631593040e+01
8.312963836631593040e+01
8.290933293645167623e+01
8.304213836631592471e+01
8.312963836631593040e+01
1.099254792112720338e+02
1.059965691467617575e+02
9.503567491253521382e+01
1.171333914324000887e+02
1.002492222768993031e+02
1.105231072180114609e+02
1.195611073658388648e+02
1.207030607355600438e+02
1.119809713445969521e+02
1.189169644666711747e+02
1.112978982452916341e+02
8.329153489636914287e+01
8.311909834946452236e+01
8.312963836631593040e+01
1.120524566889372977e+02
8.965205449411408267e+01
1.057268800705634391e+02
1.166071514676318088e+02
8.314890669124093847e+01
1.232015675004415414e+02
1.028880646933167782e+02
8.331019392187148753e+01
1.176762889459390777e+02
1.034003734132688805e+02
1.169601430290709203e+02
1.201300153473713834e+02
1.142262083459091855e+02
1.129624862565814567e+02
1.099612455702315259e+02
1.147784839579981195e+02
1.274353158170553684e+02
1.478271055565768393e+02
1.208885704811856669e+02
1.144386958022938785e+02
1.215399320106150469e+02
1.264065689482483634e+02
1.543260370011740008e+02
1.106728060619120697e+02
1.117166841439016309e+02
1.066768661390453019e+02
8.312408281076037042e+01
8.299127738089612194e+01
9.971042236794895075e+01
1.072820705903044285e+02
1.095070389292800144e+02
1.111092835096296625e+02
1.185726459578847027e+02
1.203398381757228748e+02
1.214997237475257919e+02
1.186106281960191069e+02
1.365344702339819491e+02
1.331712037731349767e+02
