8.990137862076086606e+01
1.180633037408178581e+02
9.832786405040110367e+01
8.357967267555403623e+01
1.008613607343331751e+02
1.179799513609446961e+02
1.002090832293443725e+02
9.628167616303014142e+01
9.870473626464054462e+01
8.379819470995536790e+01
1.050354951384812949e+02
9.721870638695170896e+01
9.983530549550656019e+01
8.333790670279586266e+01
1.083829779564338480e+02
9.796098815071532329e+01
9.636620624170306826e+01
8.278967903886530166e+01
8.263888538807165673e+01
8.263888538807165673e+01
1.123283232352838610e+02
1.113927131912999613e+02
1.109487198916953048e+02
8.278967903886530166e+01
1.104295008952051802e+02
1.146219851439466737e+02
1.042160951869469727e+02
1.030996767261129463e+02
8.278967903886530166e+01
8.338096225835141695e+01
1.011863979120068393e+02
1.115921290210265511e+02
1.101048327392167323e+02
1.079022267275336731e+02
1.009285027481105175e+02
1.068454657984350149e+02
1.043721589171804851e+02
9.814137517385191245e+01
1.037418593335863051e+02
1.042113769441588147e+02
1.116879897571884328e+02
1.267058380334230918e+02
1.054926127128182713e+02
1.029199457035407335e+02
1.075856765273595954e+02
1.162140695395046066e+02
1.097150227664474613e+02
1.135642047215302597e+02
1.076870811070120055e+02
8.278967903886530166e+01
1.026640071671346135e+02
1.084219448772587526e+02
8.338096225835141695e+01
1.146047763086980495e+02
8.278967903886530166e+01
1.142340901253709688e+02
1.003102978619124741e+02
8.251125424757705673e+01
1.131329686609174558e+02
1.016637065650537863e+02
1.040812444149236029e+02
9.887888886713085412e+01
1.076344986732202358e+02
8.284990512491376080e+01
8.278967903886530166e+01
8.278967903886530166e+01
1.211836267870306898e+02
8.278967903886530166e+01
1.078622295765851220e+02
1.191485336000681059e+02
1.071960542577398598e+02
1.012661468387756543e+02
1.046410796455671317e+02
1.004078876952491157e+02
1.016398144229642355e+02
1.119598064466165255e+02
1.033054811995901190e+02
1.024017554966339389e+02
1.030200630958028682e+02
1.067976118487251398e+02
1.020489203122882742e+02
1.160573061849756584e+02
1.167471185848646229e+02
1.177224914510591702e+02
1.128143180981726061e+02
1.071024827735195259e+02
8.278967903886530166e+01
1.202787181743485974e+02
1.090821665289120403e+02
1.010500403996533123e+02
1.158842220744945308e+02
1.058252347425842288e+02
1.105445951378716103e+02
1.019325124814119476e+02
9.883336805601126684e+01
1.114445637121841486e+02
9.998894093616803502e+01
1.199831165922414016e+02
9.907834718423005427e+01
9.828572511903786335e+01
1.044931878227214668e+02
1.037266895376078111e+02
1.122956649598179268e+02
1.139283707927118883e+02
1.186008259098151285e+02
1.159674153289629999e+02
1.192031647039893159e+02
1.027959381755933208e+02
1.199086686841876883e+02
1.039968441005479463e+02
1.155741031719739453e+02
1.111857487166306555e+02
1.135563216898035677e+02
1.088873091224638330e+02
1.062728375262105089e+02
1.123920711552427463e+02
1.072669637034209558e+02
1.148664783945479826e+02
1.085693726093297187e+02
1.019975523360109833e+02
1.038134949607545110e+02
8.278967903886530166e+01
8.278967903886530166e+01
1.105778721313261457e+02
1.379090570265647671e+02
1.136986907516366898e+02
1.191979699746620582e+02
1.024865197227178868e+02
1.109008287374409889e+02
1.213860407415039617e+02
1.191159377100900940e+02
1.206541178717906746e+02
1.052492559382257014e+02
1.058831611831127475e+02
1.098624076092811208e+02
1.059181029917452577e+02
1.136636957237179359e+02
1.111031738273844951e+02
1.022322377899725581e+02
1.221445998657762573e+02
1.166684812022597839e+02
1.119534182861549994e+02
1.143984263870108293e+02
1.184206518909628727e+02
1.194622752354276116e+02
1.039540161422223150e+02
1.049793325834582873e+02
1.119812866626430434e+02
1.021991135672134874e+02
1.045229823273107286e+02
1.045145455449039247e+02
1.304515802835541933e+02
1.157828600413025129e+02
1.096206124588501467e+02
1.044900101461405768e+02
1.068699805378662688e+02
1.137245807222374196e+02
1.093607679911159352e+02
1.202376614218102446e+02
1.158792329140953399e+02
1.128850434855997236e+02
1.140331927716834173e+02
1.149875756505572468e+02
1.085019592531877493e+02
1.160451539959518072e+02
1.131280359492895684e+02
1.065171938625555157e+02
1.121823746314804993e+02
1.203446250045888775e+02
1.093551122214531830e+02
1.188131543653104671e+02
1.319501871784101183e+02
1.158259439777493469e+02
1.270307130025071132e+02
1.079667879591166582e+02
1.080024593605844245e+02
1.073899439383219629e+02
1.156397649756237058e+02
1.149778024193569621e+02
1.157802130827304836e+02
1.236199554434667647e+02
1.152359498741101191e+02
1.157350772707702191e+02
1.153331535472454732e+02
1.249319159360553897e+02
1.166730971554936360e+02
1.012746150426525418e+02
1.055119530351310715e+02
1.076331565477943570e+02
1.044616634867351905e+02
1.022039278582155362e+02
1.019319909584265247e+02
1.151316756478077536e+02
1.090775872179434742e+02
1.015251670687383836e+02
1.012012532661703972e+02
1.222545159977285607e+02
1.113912069612503331e+02
1.152683056024100523e+02
1.152683056024100523e+02
1.275238974324986145e+02
1.014570445545550399e+02
1.108521047496964798e+02
1.012939589712568562e+02
1.300133486145450377e+02
1.172938453557128042e+02
1.062347716596679277e+02
1.021773387971746132e+02
1.157742811912895320e+02
1.067068940826719228e+02
1.155295323516916710e+02
1.060410400865140446e+02
1.020547472969772400e+02
1.091136223839388890e+02
1.131914621873072946e+02
8.384321770605461666e+01
1.060965154129097527e+02
1.296376480760499135e+02
1.139930572635252446e+02
1.204200523085724370e+02
1.161831891694833274e+02
1.165013264243852831e+02
1.071348661680710848e+02
1.202572419575415381e+02
1.222567264714635087e+02
1.336122357356711916e+02
1.094086908070158017e+02
1.091342950974750750e+02
1.199776781392516227e+02
1.172686907407453276e+02
1.053860284587271678e+02
1.332449634623872043e+02
1.327887844029611415e+02
1.256857197140537039e+02
1.322253019884259118e+02
1.238389146670520375e+02
1.238389146670520375e+02
1.135511586834995796e+02
1.300100649405424633e+02
1.062207877060870942e+02
1.191364973179940847e+02
1.093056764927137721e+02
1.149594992693627518e+02
1.146017859323686849e+02
1.158668076050454090e+02
1.019199869283527278e+02
1.333336224234895724e+02
1.310016307627903984e+02
1.359265923196225856e+02
1.154097691252205635e+02
1.175531210491031544e+02
1.267290210605455059e+02
1.065270901276279858e+02
1.157566903843279107e+02
1.138927736564472184e+02
1.164828077987204011e+02
1.164828077987204011e+02
1.164828077987204011e+02
1.152683056024100523e+02
1.399883830058130911e+02
1.091146911600890377e+02
1.137056277332120260e+02
1.107541108716838636e+02
1.224934824842188448e+02
1.143233171069203422e+02
1.218620547383833070e+02
1.075458829502236711e+02
1.292256022197219352e+02
1.335613017734486903e+02
1.264551257460360034e+02
1.096761129614619250e+02
1.173136378283769261e+02
1.285496326179513460e+02
1.325991204686015124e+02
1.159287903696258297e+02
1.085570793436973815e+02
1.079130770805829798e+02
1.122373681192305384e+02
1.243700581582664739e+02
1.174451227755786675e+02
1.231315933987819875e+02
1.091963428920020931e+02
1.268017295937979014e+02
1.327982690236862879e+02
1.109689517689850220e+02
1.277841644398305192e+02
1.106496937025494134e+02
1.100946158837146811e+02
1.396330231000005426e+02
1.393330391253568621e+02
1.174485399547120323e+02
1.160240377605631039e+02
1.314233322407998799e+02
1.141561982195664484e+02
1.062262394784783481e+02
1.135493984561877596e+02
1.204929696897088718e+02
1.165372131723721765e+02
1.243248536459793030e+02
1.243248536459793030e+02
1.199561518007009084e+02
1.155072255923654296e+02
1.157242040655633701e+02
1.098481978521038940e+02
1.244851674902233327e+02
1.260923560224714919e+02
1.141633940641747103e+02
1.102301588906615564e+02
1.288448292421834083e+02
1.134059086031003289e+02
1.283708152927123365e+02
1.220805574658496226e+02
1.073595093832067420e+02
1.343748868433073085e+02
1.322999034921826933e+02
1.177039241895243293e+02
1.382796903237940001e+02
1.156545527124882966e+02
1.041451968952685831e+02
1.114027151827892794e+02
1.195099874591857514e+02
1.187618947977892390e+02
1.342716446084534994e+02
1.226583680265210319e+02
1.372291067167317635e+02
1.408165114889532674e+02
1.217733036199351346e+02
1.242743418229195527e+02
1.145326076487741886e+02
1.178137657494537365e+02
1.277775713841303826e+02
1.131148140331170566e+02
1.296284237742739549e+02
1.295307309381633445e+02
1.116054099976865643e+02
1.333469549244321115e+02
1.352327870630464872e+02
1.070469295422861364e+02
1.337666124628963473e+02
1.398783896561769211e+02
1.200204555636907315e+02
1.261107734133973821e+02
1.389289918258938314e+02
1.363855958377400555e+02
1.345704666180409959e+02
1.278555140678661814e+02
1.042302335673572458e+02
1.224449539275994567e+02
1.468052447475412237e+02
1.320267066415654256e+02
1.101036076346633763e+02
1.159585504827757205e+02
1.290740787048513027e+02
1.289462328986425064e+02
1.273793330136548292e+02
1.232404095121480907e+02
1.161992087387982622e+02
1.298323552238622938e+02
1.375471227709012112e+02
1.221375215114136665e+02
1.346211694467789073e+02
1.378166875271885203e+02
1.147464311349846326e+02
1.470069066905977593e+02
1.287896094668683133e+02
1.164257616936043576e+02
1.244970082312742221e+02
1.342782031311651849e+02
1.354390613833624286e+02
1.340982428393617170e+02
1.351840939568432702e+02
1.360044484858875080e+02
1.194721051705174659e+02
1.255951956937305312e+02
1.175232135865726804e+02
1.271416423652707408e+02
1.135665646316359414e+02
1.061964741097188920e+02
1.258794743725116234e+02
1.218944121938104814e+02
1.231730033193231009e+02
1.520110600666321830e+02
1.244892225062961870e+02
1.402679691152092403e+02
1.453988271761013493e+02
1.311102059902946451e+02
1.568558694031915195e+02
1.206081102804388365e+02
1.251282845442961502e+02
1.335362977851926303e+02
1.249877833100206317e+02
1.564165383858945120e+02
1.501987379582191124e+02
1.526437252514751322e+02
1.499993487337768556e+02
1.249200586921104019e+02
1.333631585439831611e+02
1.378456490692817908e+02
1.258074795208619747e+02
1.378348475932417045e+02
1.132950903264375739e+02
1.353287233285575439e+02
1.432860963122449505e+02
1.456045023049003646e+02
1.230084916758177087e+02
1.355663553925760425e+02
1.510304586205222677e+02
1.579754948540501402e+02
1.478483293435005237e+02
1.182729392397387329e+02
1.587307092064649510e+02
1.565870079355001963e+02
1.433875739782794767e+02
1.376017763171774959e+02
1.148830449943658323e+02
1.412100794529260952e+02
1.186735935912288795e+02
1.338821226415114722e+02
1.220743572052297878e+02
1.238914096483805025e+02
1.408734828198489595e+02
1.236709266114067560e+02
1.371951410266507310e+02
1.468775923091154709e+02
1.512608700276979334e+02
1.555696524508385608e+02
1.535316621289415480e+02
1.516128434013403137e+02
1.302685581354619728e+02
1.372111984559843734e+02
1.213627328888379395e+02
1.183600532882339564e+02
1.026806779848374163e+02
1.132439626903188525e+02
1.502406009072465167e+02
1.435437991236269397e+02
1.436055029083019292e+02
1.263619639081136370e+02
1.450891725836067963e+02
1.504034661907784027e+02
1.303216593738897018e+02
1.581896202424706246e+02
1.401023519079597577e+02
1.476368112919626014e+02
1.590667163119947247e+02
1.517344410685047364e+02
1.220477716134162307e+02
1.520688146905853841e+02
1.532345051497508166e+02
1.518055211764674368e+02
1.460222067123035288e+02
1.284011119517253405e+02
1.650927871060006851e+02
1.643596227152443703e+02
1.636728583876618472e+02
1.645121227152443737e+02
1.173324899304083715e+02
1.195347124082555439e+02
1.362645926975102384e+02
1.453557368342425207e+02
1.424144743466226828e+02
1.087696005555551579e+02
1.588909328173353401e+02
1.235773793716039819e+02
1.534373999689755692e+02
1.198028608525020928e+02
1.460208108201420885e+02
1.346165325473166945e+02
1.236904221593952684e+02
1.434276615520061000e+02
1.384048116165114948e+02
1.525362069282412563e+02
1.422543915955647833e+02
1.402392978426755974e+02
1.279176740319757926e+02
1.302518968506440160e+02
1.558241597688312652e+02
1.537088142047594488e+02
1.536795028033955646e+02
1.304515802835541933e+02
1.277016049020726882e+02
1.381836095591624485e+02
1.529602141181019022e+02
1.746993559313448827e+02
1.662842124873674834e+02
8.278967903886530166e+01
1.507669162536752197e+02
8.325193448656852979e+01
9.030886307290171544e+01
8.338096225835141695e+01
9.822756394791235834e+01
8.291849302216888873e+01
1.181388745528912807e+02
8.309920605480596123e+01
1.044304606857092352e+02
1.029829319040079554e+02
1.135629104208089188e+02
7.983957334368119518e+01
9.848341328379879656e+01
1.066427488542614697e+02
1.278180364491858114e+02
8.278967903886530166e+01
9.528858674773633197e+01
1.097087138807158908e+02
8.384321770605461666e+01
5.935021316190686491e+01
1.189187640234644476e+02
1.163891465441819690e+02
1.057113805875507921e+02
1.163797294222755596e+02
8.358720763268806309e+01
1.112656975036528877e+02
1.405643131120722842e+02
1.029829319040079554e+02
8.333790670279586266e+01
9.705151788901136456e+01
8.420894498524776850e+01
8.278967903886530166e+01
1.076344986732202358e+02
1.066105456584023301e+02
8.278967903886530166e+01
1.061126646592388170e+02
8.278967903886530166e+01
7.274783613359272749e+01
6.836342919557964137e+01
6.117426993531967128e+01
8.063470533221671133e+01
1.316136076764815073e+02
8.297483658447062282e+01
1.063614172788006158e+02
1.108383224586799827e+02
8.278967903886530166e+01
8.338096225835141695e+01
1.197933387744995599e+02
1.019756310014214904e+02
1.119191459385243661e+02
1.225329846638569364e+02
1.155072255923654296e+02
1.066645467497402393e+02
1.258357849262224590e+02
1.036192877908903256e+02
1.315606238285072322e+02
1.221554985772661581e+02
8.278967903886530166e+01
9.832786405040110367e+01
1.116538435168949519e+02
8.278967903886530166e+01
8.263888538807165673e+01
8.325185193606156986e+01
8.322694063820910060e+01
9.887734448583771041e+01
8.278967903886530166e+01
1.058960318256747115e+02
1.078288589592478814e+02
9.615797103326514161e+01
1.176532689805561063e+02
9.998010316829194721e+01
1.086542933218985070e+02
1.185856424862234064e+02
1.214525910644745323e+02
1.087585938369572318e+02
1.163475110885345600e+02
1.091136223839388890e+02
8.384321770605461666e+01
1.115923721470533820e+02
8.263888538807165673e+01
8.942486999909444023e+01
1.016425961298143505e+02
1.153354942698213534e+02
1.224381321713678403e+02
1.023086112906364491e+02
1.076781862091897892e+02
1.140890804418652493e+02
1.141640449562796533e+02
8.278967903886530166e+01
1.020636279687400076e+02
1.170346752628268803e+02
1.187790747324698515e+02
1.111514228557735180e+02
1.101578556358742134e+02
1.110432112349118370e+02
1.315602689764022273e+02
1.454912594620854520e+02
1.215499350893242649e+02
1.109897540626609640e+02
1.183031207585876672e+02
1.309710261767220061e+02
1.513588241867022930e+02
1.075946145356160883e+02
1.182893033957452928e+02
1.197978790986949633e+02
8.278967903886530166e+01
8.278967903886530166e+01
1.037943196867637425e+02
1.049908865265128810e+02
1.049464090015343771e+02
1.109689517689850220e+02
1.215809097305763373e+02
1.136995261400977881e+02
1.209600966148680499e+02
1.191310797381392348e+02
1.456832026892768681e+02
1.387969701178421928e+02
