7.452204443652622956e+01
7.092339243063040044e+01
4.515259792985082754e+01
4.625136303242929614e+01
7.337240646282506873e+01
6.699125615910176634e+01
7.714534877889445852e+01
5.131923657554607843e+01
5.111046491270150227e+01
4.515259792985082754e+01
6.532237415332140529e+01
6.047075024438330360e+01
6.580133517523300668e+01
5.718540016688589134e+01
6.839574235236024435e+01
6.792755582729326136e+01
1.319061877518354322e+02
4.450380924480712963e+01
4.742580486835194620e+01
4.742580486835194620e+01
6.802054745653285295e+01
6.607120910790762025e+01
5.851773180680578434e+01
4.450380924480712963e+01
6.245166357704151494e+01
6.628041037722287854e+01
5.880013904461689123e+01
5.681686187397231436e+01
4.918987260703391229e+01
5.128528746536375138e+01
6.397397848761904271e+01
7.992929259242718842e+01
5.662508613285346826e+01
5.891795719269991594e+01
7.451511147693867088e+01
5.791237129625771729e+01
6.499078455392552200e+01
6.871986125633708298e+01
7.008094863984983647e+01
7.408834808706795627e+01
6.590494758599960790e+01
7.132564706219658035e+01
7.083561033320917488e+01
7.065246347807267568e+01
6.995099260731092272e+01
7.014724342284569047e+01
7.008907813394982611e+01
6.867033081287772234e+01
6.934983742049371358e+01
6.142555538569079943e+01
6.074562229876945452e+01
7.031258154406036454e+01
4.867695860780930417e+01
6.535953650429294726e+01
4.840865907637852672e+01
5.216909602279783087e+01
4.875233815814878113e+01
6.425784878966658198e+01
5.542947469375160807e+01
6.234504420840121242e+01
5.711607597735066122e+01
4.248864979812908871e+01
5.998045778159436736e+01
4.679978900779884299e+01
4.808475657773347223e+01
6.411489151898400962e+01
4.479962226907215950e+01
6.859806526536209503e+01
6.461770968773114987e+01
5.043767982951231943e+01
5.633277990571605187e+01
6.773171615825245340e+01
6.784387756437048722e+01
6.895705881239554458e+01
6.513335703828687429e+01
7.382946637063533046e+01
6.686609734236648706e+01
6.933787706674397100e+01
7.118333547681277196e+01
6.635103355087548493e+01
7.296625123736698981e+01
7.873356560932616333e+01
7.145954754210370652e+01
5.521783398988596048e+01
5.756063776557338940e+01
4.548098226786250109e+01
7.078477769411011877e+01
6.671157132278746360e+01
5.773710256398212692e+01
6.263515916651669357e+01
6.707184799472256032e+01
5.947741290542407455e+01
4.977739953629436798e+01
5.405944932624127830e+01
6.568405207468362050e+01
6.198441325456171569e+01
7.107140850986766623e+01
5.726270767965232977e+01
6.291410647665458811e+01
6.833550603469431906e+01
6.644414995796859102e+01
6.884997283054120487e+01
6.483709521902753181e+01
6.773072302635887354e+01
6.811821866278462778e+01
7.318187757230447232e+01
7.328166763728934541e+01
7.593648525594363718e+01
6.899318219332879210e+01
5.247410653891284937e+01
5.243764872941125077e+01
5.238879883908239776e+01
6.222950368988959724e+01
6.876230546159021628e+01
6.558841609571716447e+01
7.098340569933185407e+01
6.681263527615847408e+01
7.154883435671223424e+01
5.784963814683602124e+01
5.814578269992667003e+01
4.450380924480712963e+01
4.450380924480712963e+01
4.554678896770909802e+01
6.259378039078697498e+01
5.895877620858690449e+01
7.807094095805969403e+01
5.748943666144622000e+01
5.765644958969370037e+01
6.830742757560875589e+01
6.498195243766186024e+01
6.727749819313707746e+01
6.535589042332954079e+01
6.512609709159008275e+01
5.819138575678734071e+01
5.677288513000153358e+01
6.347958199341621821e+01
5.501354128157561973e+01
6.254401376297639104e+01
6.892620887521471218e+01
6.939405421677041375e+01
6.180119619380317886e+01
5.827261368394778174e+01
7.175681970345431182e+01
6.917488482462758270e+01
5.864103047390587165e+01
6.640043540880807882e+01
6.751891220568383289e+01
7.003418665072616989e+01
9.412340601447921529e+01
6.513700407121433500e+01
6.887525204726918560e+01
7.447120811601729429e+01
7.188802313487187234e+01
6.865571542077279332e+01
6.556281987794810107e+01
6.715380136282085743e+01
6.497177514572103973e+01
7.063037361335311459e+01
6.647825840028804123e+01
7.031715488727866159e+01
6.178092628143181031e+01
6.438132477763798533e+01
7.535103924898078276e+01
6.377060863019446657e+01
5.574988114892696700e+01
6.379823027766384769e+01
7.061584065133428112e+01
7.468772117106068720e+01
6.946009977451510053e+01
7.822889823679425092e+01
6.654521412934305147e+01
8.249810579900417906e+01
8.969357759052326173e+01
7.385534456516481328e+01
7.121371585055324260e+01
9.127457990288816347e+01
8.394869261811751926e+01
7.784402968873456530e+01
7.917971117155749994e+01
6.492930276127675882e+01
6.964733467273879342e+01
8.692130038681311532e+01
9.115800958251621466e+01
9.382200856577111381e+01
8.371558851284716241e+01
1.454183032723082647e+02
4.521430205874327157e+01
5.399254558673398918e+01
5.623530985111362668e+01
5.772491090260346880e+01
7.096778375083330559e+01
6.718114035161843844e+01
5.739503984745293508e+01
6.759703558724724815e+01
5.636284563546762882e+01
6.613076823286795047e+01
6.122546391390773124e+01
6.122546391390773124e+01
6.581718365358952383e+01
5.575341568272727244e+01
4.962341814430848785e+01
5.970350997198247001e+01
6.923167493144582352e+01
6.917876455465108165e+01
6.774055623906357937e+01
6.865533597850941305e+01
6.544170732864604645e+01
6.783337622717462523e+01
6.231314878934359314e+01
6.429575489580638248e+01
6.326426438583269629e+01
5.915777853340514980e+01
7.081376092066760464e+01
8.230810289702849047e+01
6.859291029999211275e+01
7.279007459908582689e+01
5.396913212447369546e+01
5.488549655081789069e+01
5.129505115928800052e+01
5.086146335815531216e+01
5.361312954275481957e+01
4.386807109932355786e+01
6.412896531693985480e+01
6.769366940045699721e+01
6.048932401488620769e+01
6.127030223246010365e+01
5.763733381852239290e+01
6.305256353960177051e+01
6.220953618162819510e+01
4.945840978670196364e+01
6.643175782358119363e+01
6.392932892306146186e+01
6.926762030164965722e+01
6.026434437065990579e+01
6.026434437065990579e+01
6.599711973453086955e+01
7.142469083291049969e+01
6.639633740153341535e+01
6.785472874506952223e+01
6.460932672201225557e+01
6.269912236400275418e+01
6.744896518106980920e+01
6.771874743432526600e+01
6.114922826095693154e+01
7.653794065321201856e+01
6.949194229452390914e+01
7.819043530509769369e+01
6.484543901209870853e+01
6.606500120781933560e+01
7.558565803713057107e+01
7.356600052936352085e+01
6.669023788904445382e+01
6.835827485498570866e+01
7.058856338046932422e+01
7.587741677448936173e+01
7.587741677448936173e+01
6.122546391390773124e+01
7.526133518094903252e+01
6.769754444470123644e+01
7.016447149547865081e+01
6.211073121540310638e+01
6.173210741271029889e+01
6.871826673941498598e+01
6.760578120378478673e+01
6.849385416358352074e+01
7.014713781716841368e+01
6.554312730793225228e+01
6.615547530640985485e+01
6.647764689033422769e+01
6.792962363041316110e+01
8.032613548249518942e+01
7.257321458791733448e+01
6.652623376431073154e+01
6.830059760467473495e+01
6.578268154093984776e+01
6.869063833846152534e+01
7.310403870262777559e+01
6.878684081578415999e+01
6.786845918524100796e+01
6.422267128076475728e+01
6.719055264404889272e+01
7.318717109446288305e+01
7.219595650069921078e+01
7.501548493979660748e+01
8.154098417945316157e+01
7.571568807423493297e+01
8.827713474625286949e+01
9.495031970615326600e+01
7.357220299647445927e+01
7.130064179200338970e+01
7.301772300915152414e+01
7.131405488065063025e+01
6.673404070055616444e+01
5.733581263388281712e+01
6.162291884760939809e+01
5.796239813069323077e+01
5.796239813069323077e+01
6.394773001036756455e+01
5.791551070420789671e+01
6.087091985245177739e+01
6.594642128149934024e+01
6.625806490160951512e+01
6.740592880893993311e+01
6.668058731977706088e+01
6.361076331693778485e+01
7.316532512628535301e+01
6.781691135319472608e+01
6.688223877324148248e+01
7.409920590101526727e+01
6.175027671608322066e+01
6.878655431553863764e+01
7.276196747043748303e+01
6.726621456551526990e+01
7.882338616702918443e+01
7.915330958592623745e+01
7.341154816874798428e+01
5.936705731635298378e+01
6.224826121758749764e+01
5.191591184602729214e+01
6.636418530209337518e+01
6.044864773491354981e+01
6.651505901281272770e+01
8.329381586597605747e+01
6.962845744658280012e+01
7.412107960289941389e+01
6.345232039456450224e+01
5.976229012686568609e+01
6.583201197244318337e+01
6.072744194395079376e+01
7.520582354954839843e+01
7.367862534848381983e+01
6.856818394132548633e+01
6.912736503131246479e+01
7.600813602661176560e+01
6.418949609190826777e+01
7.045861705825865329e+01
6.700721708589023251e+01
5.994725414447164979e+01
6.801684231693296567e+01
7.476824647013373237e+01
8.005580646945928436e+01
8.022375425121734338e+01
6.920810034722084936e+01
7.883106278274152601e+01
7.293840074659671302e+01
7.494921353266539654e+01
6.448091775959363758e+01
5.086908686552347802e+01
5.728666738688567506e+01
6.668949621279919882e+01
6.845512000707810785e+01
7.871246086028322964e+01
7.167054591460080815e+01
6.909642874197648155e+01
6.792701040332318030e+01
6.604026295444708694e+01
6.869617649732951747e+01
7.294838528749332340e+01
7.510566099328814005e+01
6.641140095100740837e+01
7.351390212580673733e+01
7.296183576851389319e+01
5.799509500432928633e+01
6.901195845179067589e+01
7.219718388295304123e+01
7.164829616925860023e+01
7.247621853865014430e+01
7.407199141141730081e+01
7.573342192035632081e+01
7.373125384325271625e+01
7.444089734711825201e+01
6.454656879755384580e+01
8.000088451353484231e+01
6.865533686494244137e+01
6.948957883132250402e+01
8.198186904151403098e+01
8.633647520337027004e+01
8.966677087632832865e+01
7.110288632181521962e+01
6.353840079726818146e+01
6.718652108526053723e+01
6.669135369748504161e+01
7.342920327242249812e+01
6.173684989401566270e+01
6.765848489017636780e+01
5.617317413702033235e+01
6.168023324550699016e+01
7.143920301091353053e+01
5.111061933929764223e+01
7.341307760539835670e+01
7.036465719544169417e+01
7.068481818692978891e+01
5.772491090260346880e+01
7.068128852313417099e+01
6.673906785095523730e+01
6.823614464888656528e+01
6.367621030173410190e+01
6.938814745523798422e+01
7.021758381726733944e+01
6.873928709653534952e+01
7.452281742915508289e+01
6.979781471137486903e+01
6.934609450655418073e+01
7.262765470669458523e+01
7.744162516164152521e+01
7.085797139198386674e+01
6.788713464272221643e+01
7.307612940700086313e+01
7.296639910277879437e+01
7.027031919972684193e+01
6.843952956713799551e+01
6.885066560163747340e+01
6.808400978693897798e+01
6.573964150099280346e+01
7.039281018375905319e+01
8.145277531043198849e+01
6.540582649086435651e+01
7.238969261215837037e+01
6.822194304025973111e+01
7.022075547454286948e+01
8.123738644938671882e+01
7.620299051315599570e+01
7.162077933408568242e+01
8.073607782608556249e+01
7.364560248050416646e+01
7.107297411993206993e+01
7.183710373917260483e+01
7.265686580251848170e+01
8.113230606413792145e+01
7.660504808028022694e+01
7.755744545499879905e+01
6.817874896955521535e+01
6.235808661121844665e+01
6.007941351817867570e+01
6.686975049875792365e+01
7.124143885341437965e+01
7.314487724062696827e+01
8.649234995148316330e+01
6.998500691578547617e+01
7.029342608382422952e+01
7.378169790365583935e+01
8.027259811096611486e+01
6.895423160045621103e+01
8.873183108297989463e+01
1.411735116767196416e+02
1.392114214765130100e+02
1.230995757808415618e+02
1.020350997396568005e+02
7.050027410247331261e+01
6.962027410247331716e+01
6.962027410247331716e+01
6.962027410247331716e+01
5.440748211540920209e+01
5.526280761448155232e+01
6.298570236813679202e+01
4.887874496500356969e+01
6.515730787611153119e+01
4.511837071896647444e+01
4.511837071896647444e+01
5.525375802894802035e+01
5.987319342202768269e+01
6.662856870462992731e+01
7.160168266220591704e+01
6.900106433293605335e+01
6.740281241539484824e+01
7.361230550034736098e+01
6.314126474052123683e+01
6.588769582870691011e+01
6.650098730396119606e+01
6.809840668647680673e+01
7.221691526324325139e+01
7.446553499444210900e+01
7.726350702277515836e+01
7.954533778536573152e+01
7.250267833237975879e+01
6.916740411239821640e+01
1.198451512441172611e+02
7.086305203655524565e+01
7.093605119743628507e+01
4.764847725819670643e+01
6.959259952998893084e+01
6.607499072855954125e+01
5.092975005379292952e+01
7.818523435649335340e+01
4.853156141829886394e+01
7.418441440035429935e+01
6.955146706390530653e+01
6.512826777676224310e+01
9.480541474546849656e+01
7.427763024316631402e+01
5.596206917261437752e+01
7.676724465106693174e+01
4.468772228828538573e+01
4.527160277219564222e+01
6.951992995173614531e+01
4.908589029164862438e+01
5.086766615615741927e+01
1.299648274287909828e+02
7.074849290618465147e+01
6.615999774358208185e+01
4.814962180494848809e+01
7.663405403738281052e+01
4.609950653681040222e+01
6.425074142731347138e+01
4.792192538296438897e+01
4.631271775296619353e+01
4.891656401256770437e+01
4.450380924480712963e+01
4.248864979812908871e+01
4.077345100897983343e+01
4.791665907637852229e+01
6.164403940028333295e+01
4.515579567294261665e+01
4.802591462477121098e+01
5.922068579672603050e+01
7.396473630626869067e+01
7.540942559205122109e+01
5.193355655031562890e+01
6.537861596276358966e+01
6.431935506914962275e+01
4.629902054249741639e+01
6.178778290998451439e+01
5.029618508279447298e+01
5.849923687639457626e+01
6.520376876220605311e+01
5.791551070420789671e+01
5.332781259169400556e+01
6.724581168204453263e+01
7.074954272035947156e+01
7.019382224649032764e+01
4.526793547338712642e+01
4.515259792985082754e+01
6.725420008309254172e+01
4.450380924480712963e+01
4.500192317618771654e+01
4.701621601323074628e+01
4.761697242975250788e+01
6.364817337365140304e+01
4.660628250654057325e+01
6.211859393244527894e+01
6.508648336381452282e+01
5.027055382970143427e+01
7.200772523678628545e+01
5.309336734215356302e+01
6.437461082432075443e+01
4.924122445447318341e+01
6.162921584194198488e+01
7.052300538262404928e+01
5.362019811253036039e+01
5.915777853340514980e+01
5.086766615615741927e+01
5.304411862107898656e+01
4.798765907637852024e+01
4.560655717529643027e+01
6.036752447084266748e+01
5.828941251090679998e+01
8.232211879303736168e+01
4.865562910634343297e+01
7.054446216059260166e+01
5.754853734265226706e+01
6.618612722605242027e+01
7.689214295078278383e+01
6.475147365430699153e+01
4.840865907637852672e+01
6.637841357317154234e+01
7.275081390984107088e+01
6.411444710953753656e+01
5.630088731826027271e+01
7.044741956830551999e+01
6.603036012371225638e+01
6.639056554058134907e+01
7.368411574086472626e+01
7.037144726271813511e+01
7.418176068564912384e+01
6.693513473019106641e+01
7.252872682115906855e+01
6.711540649923843205e+01
6.740755764739488143e+01
6.963993261116911526e+01
6.773449058937869438e+01
8.880928970002786116e+01
6.994866912366977374e+01
7.538383666898756985e+01
8.099771213478391019e+01
8.827593314493655896e+01
6.908901177686038864e+01
8.295180916609464816e+01
8.228942470614310878e+01
8.219702670655414067e+01
7.043466278024992278e+01
7.600660599556981367e+01
9.181123144789324897e+01
