7.442261125444252912e+01
4.284137234473458022e+01
4.324227857387645457e+01
6.931193787253820915e+01
6.475098025928377865e+01
7.541836445890044160e+01
7.882841478187391715e+01
5.428205007810792893e+01
5.115443558029168258e+01
4.284137234473458022e+01
6.476115878437869355e+01
6.625570764632917076e+01
7.208652182453987223e+01
6.871428138853471523e+01
7.035393615757773489e+01
1.215231794480362026e+02
4.180477838221035825e+01
4.678127374026284713e+01
4.678127374026284713e+01
6.661908363234849162e+01
6.894419947056810827e+01
6.917574960491670311e+01
4.421964267057148845e+01
4.188621779880692486e+01
4.205027288770486393e+01
6.519803409119185744e+01
5.679652708207341760e+01
5.496938742505129483e+01
4.501429611689835752e+01
4.423042161646439752e+01
6.455498598775709240e+01
7.446895099020613884e+01
6.967207402810763028e+01
5.886026749636740618e+01
5.666971198121148490e+01
7.029288545034525271e+01
6.027762288465137175e+01
6.434635844105170577e+01
6.492853145913187518e+01
6.943684787095089916e+01
6.936590947263398732e+01
7.210373974172746614e+01
6.705212143035309680e+01
7.079901398084722075e+01
7.133480405367345156e+01
7.053339562877737023e+01
7.048453022881000152e+01
7.021487611326953981e+01
7.045856538688533988e+01
6.989996323312971072e+01
6.247846323542488278e+01
6.722525513367578753e+01
4.548118936175170290e+01
6.659596133757982273e+01
4.404991063396023776e+01
5.796278269591410037e+01
4.558055989983463263e+01
4.284137234473458022e+01
6.252312421151841448e+01
5.138671936867224588e+01
6.654488977565623031e+01
5.711832743535177315e+01
4.280357392373859682e+01
5.232597220416089812e+01
4.188621779880692486e+01
4.430876340730019791e+01
6.648082314769635559e+01
4.242179733369064110e+01
6.907949029984408185e+01
6.930930833530310053e+01
4.762230944671844668e+01
5.792969610150046833e+01
7.107473318392827366e+01
7.328911100708506865e+01
6.926282869740694537e+01
6.955200691894073373e+01
7.411689080104267191e+01
5.644677354875486941e+01
6.619935603790931111e+01
6.858871845025410607e+01
6.723601837336559583e+01
7.947279013005979209e+01
7.786673078252928804e+01
5.787128295216588469e+01
5.602918976949571572e+01
4.306075374671512890e+01
7.421174727243136715e+01
6.384094926270439885e+01
6.795478068968212426e+01
6.575098591383549262e+01
5.553122587003569777e+01
5.285749620165422158e+01
5.757444507483380391e+01
6.523341301036322193e+01
6.494365831434683400e+01
7.011735013746202583e+01
6.020083247569577622e+01
6.580704750557281102e+01
6.857220108962813754e+01
6.824822344203585089e+01
6.737996240678405968e+01
7.061503723265128940e+01
7.234113341224431792e+01
7.249812496980946719e+01
7.699189955006150399e+01
7.479802806438715379e+01
4.894669386698921443e+01
4.845162417937238786e+01
5.046560436613107470e+01
6.862093135750011186e+01
6.747227592708031807e+01
6.857693294541024898e+01
7.278879328385468739e+01
7.106794821582226973e+01
5.481732776756336989e+01
4.173713335282113235e+01
4.173713335282113235e+01
5.169275888277105935e+01
6.776783311983588476e+01
6.223674445637998076e+01
6.059931805214904443e+01
5.523398247852567522e+01
6.444692871450914140e+01
7.079239629763533515e+01
7.037713995298713598e+01
7.117410083592255887e+01
6.603678010426108358e+01
6.566915548552475457e+01
6.129166005014703700e+01
5.346635154529110423e+01
6.603951554194419771e+01
5.521921290721559217e+01
6.807209384301347654e+01
7.011040395754379517e+01
6.996461932684198359e+01
6.595341826883198166e+01
6.268796340349749840e+01
5.586724525357492155e+01
6.994991458160812670e+01
6.722912957180770377e+01
6.468628819301434874e+01
6.894385214289125940e+01
6.458592164574078254e+01
6.970448687413706068e+01
9.185667285047468056e+01
6.589796137773660689e+01
7.374918592664198513e+01
7.055184992901268970e+01
7.569813755653950693e+01
6.956770141660089735e+01
6.943950175840572570e+01
7.023863415867910476e+01
6.566744632364124357e+01
6.756706416304115237e+01
6.959618626429458743e+01
6.229303286869292577e+01
7.243508324518582242e+01
6.489747098340859566e+01
6.736012117571328872e+01
6.712637081005181017e+01
5.682871522482587778e+01
6.417309149512914246e+01
7.535029659545568848e+01
7.011492436178060927e+01
7.558545540095053639e+01
6.929478596263294321e+01
7.716840501431322252e+01
9.827071760514935761e+01
6.884775285904909481e+01
9.148900321081153209e+01
8.156776843739839933e+01
7.554555895443522218e+01
7.177471176744212755e+01
7.770145549547589781e+01
6.633663153171913507e+01
7.107555932959367340e+01
9.263551354069247168e+01
8.773445743508375472e+01
1.002899392400861842e+02
9.234341148291026968e+01
1.392797118688037870e+02
4.375068520335516098e+01
6.258261435894878133e+01
5.294916580293229913e+01
5.486305567777684900e+01
7.462851715922920448e+01
6.582614640482773893e+01
6.071373877394402996e+01
6.989615038411959347e+01
5.503405225322946137e+01
7.170178971495187170e+01
6.926640766814536221e+01
5.898820852638257151e+01
5.898820852638257151e+01
6.305618764097730633e+01
4.959605449916253406e+01
6.887802986906484648e+01
7.098821649211103590e+01
7.256009378911218732e+01
6.315514824480801792e+01
6.895258311487378933e+01
6.282924383744911978e+01
6.896365622051857258e+01
6.312642960344404486e+01
6.987483181545893274e+01
6.565899504663646269e+01
6.163777119704269580e+01
7.066619903908598133e+01
7.780152897221771013e+01
4.456137744467747552e+01
6.749199962645441531e+01
7.083949915536570074e+01
4.774196955954818122e+01
4.763731639626914216e+01
5.979145512126014950e+01
4.284390352401042890e+01
6.674322787784905131e+01
6.479856310947157283e+01
5.989186095177048941e+01
5.998538901851212302e+01
5.894847523343558038e+01
6.352478641319839880e+01
5.808191688858387636e+01
5.369587359114575520e+01
6.936536659932350801e+01
6.515625524037456273e+01
7.275635687728438938e+01
6.669195559640427007e+01
7.317482717546295135e+01
5.838499378064183531e+01
5.838499378064183531e+01
6.543031785334895289e+01
6.757149575149897203e+01
6.781306759368574433e+01
6.916005329334751650e+01
6.564793548425951997e+01
6.353599288088199160e+01
6.426933762055310240e+01
6.853203597110824319e+01
6.737668701847847785e+01
6.384982816631112001e+01
8.081469584197304812e+01
7.601726160629189621e+01
6.593975483454887865e+01
6.534887824176216498e+01
7.420386833937385518e+01
7.136709769107392276e+01
5.937378645528181664e+01
6.860807463427128994e+01
6.783870890248631724e+01
6.159480526705745262e+01
7.189846140650661255e+01
7.048453022881000152e+01
7.335278697168605788e+01
7.335278697168605788e+01
7.335278697168605788e+01
5.898820852638257151e+01
7.478989422754244742e+01
6.765259933348706056e+01
7.299204098770505311e+01
6.631831928548194810e+01
6.342987158137056269e+01
6.841609842310826650e+01
6.673591650544906884e+01
6.868473226462508308e+01
7.147544684293605144e+01
6.336559441891235878e+01
7.235349489083893104e+01
6.532850681740217169e+01
6.763455152065940013e+01
7.763148769527380466e+01
7.579738417583180876e+01
6.979400112295473946e+01
6.812563450123526820e+01
6.647215587631244205e+01
6.852378229478594562e+01
7.104780554466540821e+01
7.097692939103072263e+01
7.057778624060345862e+01
7.523143814760069858e+01
7.279211620020871010e+01
6.940616401424789217e+01
7.673184916477993056e+01
8.639762422061920688e+01
7.956197644824155191e+01
9.242894815632529060e+01
1.038591545660072768e+02
1.052683846247622057e+02
7.772741974697945011e+01
6.888595507966390130e+01
7.331803759194185943e+01
7.059780496058884580e+01
7.339499913463041025e+01
6.144716619821090831e+01
5.815476662368741501e+01
5.802190491671102279e+01
5.802190491671102279e+01
6.686305230648902409e+01
6.027762288465137175e+01
6.461397771317140837e+01
6.093179056167916485e+01
6.739970741452499681e+01
6.875652533163307112e+01
6.714920903418071418e+01
6.690097003579957402e+01
6.739743436056618009e+01
6.987560036191970880e+01
6.532177937991849603e+01
7.475449770305426966e+01
6.564010802534842526e+01
7.330103652648303125e+01
7.200791534115629133e+01
7.380572599092026564e+01
8.411498330525562039e+01
7.352494633089823139e+01
5.918111547616344836e+01
6.680199607400727757e+01
5.735653706152546505e+01
5.825702710039539056e+01
6.651489271847574969e+01
6.180649941903445921e+01
7.072329068736222268e+01
7.835425755407439397e+01
7.055013004786997044e+01
7.009224160844217977e+01
6.662643002223192923e+01
6.428630408610187885e+01
6.224475422122491608e+01
7.112726334786152904e+01
7.206974229888957950e+01
7.702691960042827191e+01
7.031764033818994619e+01
7.202638428485811062e+01
7.208167060839585361e+01
6.502871658671470811e+01
7.043049935582367027e+01
6.988080440491209799e+01
6.635284232531144255e+01
6.765663563693463800e+01
7.421309978111291628e+01
7.967345906042923787e+01
8.005061759701460744e+01
7.211396787735526459e+01
8.098535486253319959e+01
8.150826395344229525e+01
6.094170740566291755e+01
5.275774981975322930e+01
6.327208195764693244e+01
6.566248310087313200e+01
6.530934701470404491e+01
6.453561143669841726e+01
7.552170456534149423e+01
8.386982357658399678e+01
7.062148205492437114e+01
7.053709262886354736e+01
6.906736678979252986e+01
6.435153349792769006e+01
7.236181477742782420e+01
6.958431533848856532e+01
7.245408105135943799e+01
7.390441054010051403e+01
6.660256637712258510e+01
8.034885502880473496e+01
7.235684424518089486e+01
5.878299523105614810e+01
6.702874620199550293e+01
7.486902251519714468e+01
7.397484995239727823e+01
7.377982369082381808e+01
7.191280108190906617e+01
7.236737282528757476e+01
6.366911369776295260e+01
7.670457568137133819e+01
6.937743700428902116e+01
6.980047506664385537e+01
8.351397020706109231e+01
8.447249386563433404e+01
8.921860631688014109e+01
7.214908258278025244e+01
6.989536881950692759e+01
6.447526315131564445e+01
7.412777373540117765e+01
6.563373634606837470e+01
6.907283361668211796e+01
6.041859981937142976e+01
6.205186851766491429e+01
7.410112786725437672e+01
5.403333231357319733e+01
6.937649368489786639e+01
7.838025636387195050e+01
7.397690804594920166e+01
7.503258621991287214e+01
6.267458977463448377e+01
7.343267460791784629e+01
6.846699215567885233e+01
6.575889676482788104e+01
7.091760130008931640e+01
6.989005123754151327e+01
6.887870971584445101e+01
7.422783517100666018e+01
6.946936903947275255e+01
7.044756869137930266e+01
7.093160095225259454e+01
7.824143597043479303e+01
7.174502365523014191e+01
7.096633591975333388e+01
7.910603548706137644e+01
7.744016554009921549e+01
6.961480418315964869e+01
7.063563433247898615e+01
7.214793828111727692e+01
6.780097396289050948e+01
6.123087290839469432e+01
7.054778852285075175e+01
6.425973942208089795e+01
7.256136546549628008e+01
8.114025507214965671e+01
6.646472089289338214e+01
7.232002464453569246e+01
6.998367863788929810e+01
7.351358915083655177e+01
8.207551519344565349e+01
6.763412539162696646e+01
8.368825263167458672e+01
7.553244049866231080e+01
7.089887286440077219e+01
7.888228842164140531e+01
8.669885654737848313e+01
7.685237417759506684e+01
7.985382301094051627e+01
7.299047889910829667e+01
7.790899691088625900e+01
7.678607150718829644e+01
7.396024225454118550e+01
6.418871154889617969e+01
7.429878578181296689e+01
6.716367127046798657e+01
6.072269979330787493e+01
6.101560860808299935e+01
6.422633304227279893e+01
7.055023827697883121e+01
7.097889879429148152e+01
7.142872649887564762e+01
7.127634672165612528e+01
7.329844967873617634e+01
7.994328208009127934e+01
7.993576768833028723e+01
7.186108502227361328e+01
9.157883755478628984e+01
1.424591337118141041e+02
1.386030409546299893e+02
1.273940227986862226e+02
1.038052538509281106e+02
9.379128828619957403e+01
6.572061676503135175e+01
6.572061676503135175e+01
6.572061676503135175e+01
5.896092182202833243e+01
5.375969759474590148e+01
6.373266026601027079e+01
4.398881223042951660e+01
4.819128793413878498e+01
6.520887979985337779e+01
4.327634061315710312e+01
4.327634061315710312e+01
5.390617047548091989e+01
6.035431668828551466e+01
6.461836529867849777e+01
7.045525686114839914e+01
6.797264503427612681e+01
7.130093700004435675e+01
6.938534386638242779e+01
6.975397263867095887e+01
6.868493011742201304e+01
6.661549741404994052e+01
7.199941462405253390e+01
7.356738574950702514e+01
8.375345990394802698e+01
7.482727944248168228e+01
7.374918592664198513e+01
1.087246761830780031e+02
7.374743487463516090e+01
7.331363740897616310e+01
7.174236984230627456e+01
4.501429611689835752e+01
7.157735252217632649e+01
6.695176829289425768e+01
4.997422814945832670e+01
7.539472322266412618e+01
4.476832994085896900e+01
7.369347355522006637e+01
4.519133837649577856e+01
6.807034204310092207e+01
8.900153355177759806e+01
7.613926015987266283e+01
5.271512782256075269e+01
6.863621582850257141e+01
4.173713335282113235e+01
4.395091754190353583e+01
7.237732699979740403e+01
4.779489626477113262e+01
1.324518026073232591e+02
7.135293307739934221e+01
4.916074914642938154e+01
7.486420063597570618e+01
4.321407941826241483e+01
6.264990594307623439e+01
6.723590354441402894e+01
5.738850811149372078e+01
4.432918722278391499e+01
4.533369154031882431e+01
4.180477838221035825e+01
4.280357392373859682e+01
4.190241571070066584e+01
4.329232664252367613e+01
4.506784016655305436e+01
5.839142990000176070e+01
8.000200083691328246e+01
7.892882972467565139e+01
4.793324097852403298e+01
6.331840424242307108e+01
6.174044873005748002e+01
5.136396835615678924e+01
4.367775552016848906e+01
6.120262536854346536e+01
5.111938142649957939e+01
5.884247091433814347e+01
5.930081978931698927e+01
6.584944946312876368e+01
6.027762288465137175e+01
5.298540812608241168e+01
5.569738201918329423e+01
6.775095065947567718e+01
7.166996973673519733e+01
7.063659932405941788e+01
4.306075374671512890e+01
4.284137234473458022e+01
6.801048444447420138e+01
4.180477838221035825e+01
4.225004345584568455e+01
4.392747296495875275e+01
4.466666704520616804e+01
6.384726103627664884e+01
4.276716351522531312e+01
5.802366772105411030e+01
5.472827869759728259e+01
7.056895025641276220e+01
6.662158385307211006e+01
4.834496401789466802e+01
6.193838317635317736e+01
6.980767037027534627e+01
5.517844529098309181e+01
6.183556140426807701e+01
4.779489626477113262e+01
4.854142840144374560e+01
4.343480087786267063e+01
6.281931157245838904e+01
4.284137234473458022e+01
6.255195578709168558e+01
5.857943274848477699e+01
4.700322942710810992e+01
6.936038608053905818e+01
5.845724859595345890e+01
6.789690250646036418e+01
7.547644700190772937e+01
6.622721927796177965e+01
6.527161968318188201e+01
7.143762203834056379e+01
6.499845287348782108e+01
6.080645061885720537e+01
7.043080728350433617e+01
6.586932188268161781e+01
6.569160054516260061e+01
7.519524912719741394e+01
6.990265749070260881e+01
6.881863225093611902e+01
6.646830805873528902e+01
7.148240276410253102e+01
7.088091542738314388e+01
8.913633686286077307e+01
7.294263880173434700e+01
8.222313632253107585e+01
7.348831014120231941e+01
8.608586217803164686e+01
8.700215284973774033e+01
6.940616401424789217e+01
7.776875277197130742e+01
7.916575753218663181e+01
8.452967923617357826e+01
7.148578812119309589e+01
7.805280283442343148e+01
