7.079033027384789989e+01
7.191186657149059158e+01
4.373579365426057564e+01
4.449603517070772796e+01
6.824530965325577370e+01
6.900324253357467796e+01
7.653892663605054736e+01
8.185820149321118322e+01
4.876749271969585209e+01
4.551474002914969930e+01
6.279614644825147707e+01
6.470685872972768493e+01
6.634678703624069840e+01
6.226867428413908812e+01
7.205801124319702922e+01
6.945692836887037913e+01
6.966910843154946065e+01
1.271991423177152711e+02
4.123288201754958493e+01
5.006615376346988455e+01
6.429364450950335197e+01
6.933161277681649892e+01
6.791048419137398184e+01
4.579456984395520180e+01
4.329105857487185460e+01
6.181506996854514568e+01
4.123288201754958493e+01
6.413316987457935170e+01
6.514366490410090194e+01
5.672371879210491841e+01
5.393085966366870565e+01
4.471197716212562057e+01
4.334081775218731991e+01
6.859362169316359825e+01
6.968184051713093652e+01
6.912916548958361318e+01
5.527006735051610065e+01
6.270656874168854955e+01
6.574658433214247566e+01
5.713284182090505681e+01
5.957385075782109851e+01
6.635911741164012767e+01
6.784601135412384565e+01
7.093159079839293213e+01
6.454584042159966373e+01
6.558476792119017773e+01
6.755641460200951087e+01
7.314536641944205542e+01
6.915346923416004188e+01
7.491396925665723927e+01
7.375578507943848194e+01
7.070072284475799052e+01
6.838077358781754356e+01
6.974891345075050708e+01
7.343849936598360273e+01
5.918662806477263416e+01
6.722901938163821001e+01
4.715678165085100204e+01
6.687788062883613804e+01
4.391743291805561000e+01
4.860216534162316293e+01
4.748109358361256938e+01
4.396573350991414486e+01
5.946848784033405622e+01
5.223501125091651431e+01
5.486918206214967597e+01
5.128187222013252011e+01
4.330759477510125066e+01
5.158773510568052245e+01
5.305500042568446872e+01
4.329105857487185460e+01
4.326907940881974923e+01
4.299668379170987009e+01
4.259569179838841535e+01
6.730497714890185534e+01
5.457467592933090828e+01
6.048567128861155595e+01
6.228187084961993492e+01
6.961414720422592950e+01
6.941387645099538872e+01
7.173386952216399948e+01
7.221160214095220908e+01
6.489492364557058579e+01
6.943057693139969899e+01
6.921226228753481280e+01
6.359527350605181084e+01
7.227952101853375666e+01
7.497003781592398752e+01
6.753622726793655318e+01
5.526413971822913140e+01
5.051088038707847261e+01
6.960040658292720650e+01
6.223267715000680766e+01
5.484824788825891062e+01
6.348505594916347405e+01
5.836044743990329664e+01
6.178223528638753947e+01
5.048856974892044036e+01
5.971722900790716437e+01
6.741247527378699544e+01
5.849363288868777033e+01
7.398051819770057591e+01
6.317911688085309407e+01
6.866850458075388985e+01
6.440568509048875967e+01
6.756780067323889227e+01
6.884434295223715594e+01
6.780430767392344649e+01
6.872293429600362913e+01
6.891967552246278217e+01
7.259911371915886491e+01
8.144854866079134581e+01
7.480983842312578247e+01
7.320549254031860187e+01
5.167271109964748632e+01
5.009788932388669025e+01
4.942872753118054163e+01
6.370444216670015436e+01
6.654602798511525918e+01
6.261716992037277407e+01
6.518474331235280772e+01
6.835604693463784542e+01
6.705374631645014460e+01
7.320656622457609330e+01
6.320052920422832443e+01
4.984502304565495479e+01
4.123793465304159866e+01
4.123793465304159866e+01
4.966232105372546357e+01
6.980981954479517526e+01
6.219652187872358695e+01
6.940569171217362054e+01
5.595705041247183686e+01
6.280346868924179660e+01
6.706515778326674138e+01
6.650963494846956792e+01
6.484849407795208265e+01
6.708501811216852673e+01
6.576733252870263868e+01
6.439198418851829331e+01
6.066203710091242129e+01
6.754822589500052743e+01
7.296522276244375860e+01
7.012068771289847291e+01
6.770498699623550465e+01
6.046000347783203210e+01
5.829372085006930604e+01
6.663400182955255957e+01
7.229645847412224668e+01
6.245449932166023643e+01
6.796955998683422706e+01
6.587526122150703145e+01
6.849017718094886220e+01
7.489696014034105076e+01
6.602852531551289417e+01
7.810543608680870875e+01
6.901189040809443043e+01
7.204602605199052334e+01
6.900433561516517500e+01
6.983484599261566927e+01
6.752530054963240502e+01
6.334160198203738190e+01
7.103942903783043050e+01
7.053290338600001519e+01
6.422298022868960743e+01
6.859205666352347919e+01
6.604098703606273091e+01
6.794141220511541235e+01
6.270866671931977265e+01
6.005197514029840278e+01
7.199803578036625140e+01
7.243296190901848775e+01
6.782528112207774029e+01
8.095886193130509412e+01
6.520852237917452499e+01
8.034178670863620653e+01
7.650070220958188827e+01
7.302482354413511700e+01
7.866303504927870449e+01
7.568392760626105087e+01
6.919639727721393285e+01
7.880342310869765754e+01
6.945810599918323192e+01
8.326106513028324230e+01
8.625759232382263519e+01
8.329752213021338036e+01
1.012702983116507482e+02
1.454069605687502929e+02
4.372902934552369913e+01
5.594245886517595068e+01
5.507770114080352641e+01
5.560662367911805859e+01
5.798901701057268099e+01
6.604979451242232358e+01
6.339557627059531342e+01
6.468915539054505359e+01
5.993580656385214667e+01
7.051943416913022133e+01
6.968030049042026519e+01
6.004900453200044552e+01
6.004900453200044552e+01
6.656584836193472654e+01
5.992154567157405154e+01
5.001011911871401594e+01
5.603547652847616689e+01
6.919397286636548472e+01
7.124854221946785060e+01
6.580414289613686663e+01
6.363241226180114296e+01
6.292642959801769109e+01
6.834429722932856066e+01
6.386347675177518113e+01
5.687327658892496629e+01
5.849254557106672081e+01
7.130007309566464357e+01
7.845995252575285406e+01
4.157607087166033466e+01
6.718091714354565624e+01
7.076246684264678777e+01
5.325080336048101515e+01
5.489261729065101747e+01
4.942064342393187815e+01
4.866421448053485221e+01
5.205048604164640125e+01
6.240448827077343452e+01
6.567559662666495512e+01
6.227776543543286891e+01
5.790709115182063016e+01
5.518153966145145262e+01
6.147115742751797285e+01
6.161253672982127227e+01
5.371342061113632127e+01
6.947392596234553253e+01
6.987630911694287761e+01
6.419730395118972410e+01
6.904554186637626856e+01
5.815939566439178776e+01
5.815939566439178776e+01
6.464260111333453551e+01
6.458398958266367629e+01
6.591492509347733630e+01
7.058543466276837819e+01
5.850729173764899826e+01
6.386885653335286861e+01
6.881432073822975326e+01
5.919760320661243469e+01
6.966007973107264206e+01
7.463743575430497401e+01
6.657991095099271206e+01
7.088957001438353700e+01
7.252314873966635389e+01
7.445852398101231984e+01
5.311089978726903382e+01
6.507579350094870563e+01
6.027261808551473621e+01
7.298797224807178452e+01
7.375578507943848194e+01
7.274847784755991142e+01
7.274847784755991142e+01
7.274847784755991142e+01
6.004900453200044552e+01
7.147080123222804104e+01
6.852683316516085199e+01
6.707798972605364440e+01
6.042185017368129252e+01
6.871483925408340099e+01
6.861623950131013316e+01
6.914588240476554404e+01
7.179131709014426121e+01
6.980107653205331530e+01
6.660374633555835544e+01
7.166238292495773976e+01
6.524166563166066624e+01
7.110602141175778002e+01
7.390590517816673355e+01
7.407254453674131867e+01
6.759399156279698673e+01
6.752291560356100319e+01
6.507272035492866280e+01
7.016514743808502885e+01
6.955736377282960348e+01
7.860374685809169648e+01
6.608604692855170981e+01
7.218481476617135684e+01
7.395676145214321195e+01
7.231987321793343426e+01
6.856549313386695133e+01
7.738907491249386794e+01
7.989950092784744129e+01
7.671017907199839669e+01
8.611983327205071248e+01
9.604610043139858533e+01
1.034505083490230959e+02
6.718733533057999807e+01
7.168855530267975951e+01
6.953818989632235059e+01
8.575367310611179050e+01
5.403554136155393905e+01
5.781275045670138724e+01
5.781275045670138724e+01
6.675502479944998413e+01
5.654243499402047490e+01
6.902961755469812033e+01
6.434820479657598469e+01
6.304828851950639290e+01
6.452408044778016460e+01
6.790334876752264393e+01
7.147848009089557308e+01
6.573981747551042076e+01
6.653592843049170824e+01
7.245199688031493679e+01
6.094202285851498857e+01
7.099440458942208920e+01
7.556208628547571493e+01
6.639116386866774633e+01
7.281767039941104258e+01
7.218050824818234901e+01
5.230523056808709725e+01
5.494133730609939192e+01
5.340982230512179285e+01
6.417148222442702377e+01
5.193593777405033762e+01
6.450668798294599071e+01
6.040531516568973558e+01
7.067651942785467156e+01
8.016012049049949439e+01
6.513693191180081499e+01
7.094137145086658336e+01
6.444314627770975790e+01
6.346697337369127467e+01
6.787908503730356813e+01
6.435582645213442277e+01
7.000692726320555437e+01
7.147341833658569499e+01
7.335824445428640672e+01
6.985538062915486535e+01
6.987832031592076021e+01
6.055444772261649433e+01
6.906284647994259274e+01
6.907612923813675820e+01
6.362237569960595351e+01
6.616309349178320076e+01
7.102086210036087266e+01
7.238761412825827790e+01
7.361596558517233291e+01
7.113327679697326289e+01
7.553687422658393302e+01
7.502461283763528854e+01
7.523138206840451403e+01
7.683166599363106286e+01
6.491259315454738044e+01
5.195413241714188501e+01
5.965869968465241868e+01
6.563879620406656556e+01
6.802265325481128855e+01
6.919859362643822465e+01
7.201974136789063152e+01
8.118989310805942239e+01
7.134991594973597273e+01
6.972317009913534491e+01
7.026671602351228785e+01
6.886209015255609245e+01
6.577134856193113421e+01
7.100158179170760775e+01
6.906943098938371861e+01
7.535260483016395483e+01
7.122736478244577540e+01
7.710038992171057259e+01
7.258515787775192507e+01
5.839897552395954961e+01
6.912627695729688071e+01
7.080387679362337394e+01
7.600027422483114492e+01
7.710108369894011560e+01
7.758616081793678632e+01
7.410700209200005872e+01
7.582646613360880394e+01
6.504959755922223508e+01
7.851092013731354768e+01
6.847136726254316841e+01
7.858890412737618192e+01
8.281387122468318296e+01
6.975541518221314163e+01
5.196236682767552395e+01
6.883106263377054290e+01
5.830849097144744064e+01
7.063815307304058422e+01
6.689794716261256724e+01
6.914437056256731751e+01
5.983173611521264945e+01
6.416045671921146720e+01
7.118078749586172194e+01
5.761837974009280572e+01
7.111625844427162235e+01
7.431953822106196128e+01
6.897358021347689316e+01
7.484663092663360828e+01
5.589829034578472289e+01
7.371162523286501767e+01
6.290973892673721934e+01
6.814925557460438199e+01
6.868554607308045945e+01
6.737466569954044360e+01
6.910864816505426234e+01
6.922073170384065577e+01
7.731163449808255450e+01
6.932780678813395525e+01
6.979173361124790631e+01
7.110678438937391377e+01
7.402989812659582469e+01
7.472362690849820410e+01
6.648248650227571943e+01
7.747239671286166640e+01
8.098423483095037057e+01
7.134496545678432255e+01
7.355337921143680546e+01
7.189509678922313185e+01
6.857259007667870776e+01
6.320747336273453243e+01
6.899261667762019101e+01
6.612570473635042845e+01
6.974847262763881872e+01
7.695159851976917764e+01
7.266853588396432428e+01
6.661806705461225420e+01
7.204730136183326294e+01
7.929977587273455697e+01
6.709944026165177888e+01
8.114626613841070935e+01
7.193297061043588769e+01
8.306238101131761198e+01
7.715459740437282221e+01
7.264937093890051756e+01
7.229841302967719230e+01
7.669210152491265831e+01
7.601586256042783418e+01
6.689697868867273201e+01
7.209593927354180209e+01
6.442162453302435665e+01
6.421428455027979965e+01
6.156523174921526476e+01
6.742489605641075912e+01
7.566110934772304120e+01
9.286466857928112972e+01
6.911298710328490813e+01
6.981052579699969840e+01
7.833458912775942906e+01
7.646196466509036327e+01
8.726375388769706376e+01
1.396773580470581635e+02
1.327640930845971639e+02
1.215019307590679603e+02
9.737582297278693488e+01
9.987886615385670552e+01
6.955324909377455356e+01
6.910676260728806142e+01
6.910676260728806142e+01
6.910676260728806142e+01
6.910676260728806142e+01
5.624391119369118996e+01
5.341694986534184153e+01
4.294554669738911201e+01
4.467506901763856320e+01
6.515202537221044565e+01
4.435570130892196516e+01
4.435570130892196516e+01
5.032624529775699784e+01
6.836857056934488241e+01
7.113768612785457890e+01
6.413098261017751156e+01
7.018671027114262984e+01
6.829885091313819601e+01
6.774722800244826715e+01
7.205221638341429014e+01
6.886898923395180816e+01
6.955681493091346113e+01
7.037275638209614215e+01
7.084874173066724268e+01
7.231097305245040729e+01
7.351817498564123810e+01
7.945572358743731911e+01
7.440982165772508949e+01
7.050570150823779159e+01
7.810543608680870875e+01
1.192246541657596879e+02
7.457283977368450678e+01
7.226796128337120706e+01
4.492858430498277755e+01
6.445071900305286761e+01
5.156182549586574027e+01
6.680318950057593952e+01
4.701032801512024406e+01
7.034848226208234223e+01
4.524622872637966964e+01
7.418833022670310129e+01
6.773164737949247183e+01
9.405862891433478978e+01
6.853381921159066792e+01
5.456139412481642381e+01
4.173835551142298073e+01
4.247677298712895322e+01
6.946026172863216175e+01
4.188990907464429370e+01
4.189863021461542303e+01
6.946036250518264410e+01
6.184246191243521906e+01
4.545272255054815957e+01
6.794989866370147524e+01
6.520866060907675887e+01
6.394850458798538995e+01
6.153512820185883925e+01
4.641914727723785461e+01
4.165105888235144960e+01
4.330759477510125066e+01
4.104462575243856293e+01
4.423500167192954535e+01
6.142413235264510973e+01
4.168716348025432694e+01
4.309502116904954505e+01
6.220252180469922365e+01
7.833849715530493540e+01
7.546865163582229741e+01
4.836360974348833963e+01
6.622082711697828472e+01
6.461421765646544202e+01
4.714949081062726322e+01
4.102102129437495392e+01
5.687826381618726401e+01
4.649637680739169809e+01
4.824548921006690705e+01
5.897191704753711861e+01
6.001794212614622381e+01
5.654243499402047490e+01
5.456909366347644408e+01
5.768800552475691035e+01
7.318145773448959801e+01
6.989212217032203966e+01
4.326907940881974923e+01
4.373579365426057564e+01
6.930011177016032775e+01
4.143142747209503796e+01
4.349202941011093060e+01
4.663264070046294307e+01
6.113943175724370604e+01
4.290487011700689379e+01
6.057923125756014571e+01
6.925698011664243836e+01
7.136383656084595373e+01
5.049989645932690507e+01
5.447142833709480669e+01
6.247367832298231605e+01
6.377007848018679681e+01
5.249766105405261385e+01
5.849254557106672081e+01
4.441923885558214380e+01
6.161061890923370044e+01
5.819959588723232713e+01
7.683031667276578958e+01
6.996283427365217733e+01
5.412402257596187383e+01
6.879961700779830380e+01
6.958202688169934902e+01
6.910179034865845438e+01
4.421691634475962474e+01
7.003336939642792913e+01
6.214552339772521350e+01
6.998861239626742758e+01
6.584238077363622210e+01
6.453867578041925412e+01
6.930052450586265422e+01
7.065691193089028843e+01
7.341744859071694407e+01
7.006302058186066972e+01
6.874717084924614596e+01
7.072037182580633896e+01
7.034994432868357706e+01
6.950563611065939540e+01
6.578472809355656636e+01
7.019393905780943044e+01
7.076352118941233016e+01
8.081176167281265066e+01
7.182832209938024448e+01
8.420123316470909458e+01
7.043231951709975647e+01
7.848615489981838778e+01
6.856549313386695133e+01
7.818314774353753194e+01
8.702508121020811416e+01
7.869177966740571151e+01
7.342624783331416438e+01
7.649023547049964122e+01
8.749961139082071782e+01
