6.909126194528644760e+01
4.440823074871453713e+01
4.503741251057361694e+01
6.963979202096700760e+01
6.559978669076616598e+01
7.329929813753156509e+01
7.380955913686968017e+01
5.124181109571067338e+01
4.982806675525279161e+01
4.412722377301696497e+01
6.380281817417383650e+01
6.666846018273515995e+01
6.442831913920639408e+01
6.690902771957009065e+01
6.971218100750698454e+01
1.321626341108613474e+02
4.362727467906171341e+01
4.571595567367694457e+01
4.571595567367694457e+01
6.295905515081867065e+01
6.887419712235210056e+01
6.780558225793535598e+01
4.592498037165827185e+01
4.397561658214335978e+01
6.644858715548068062e+01
4.388644878620456780e+01
6.428984853396708843e+01
6.570809322029036537e+01
5.598447621090910076e+01
5.873966470844585075e+01
4.523518279811536047e+01
6.560624855955784085e+01
7.865613005213783993e+01
7.013258367069954602e+01
6.116724012992547443e+01
6.260463000134731715e+01
6.364965833012036711e+01
6.391736627165976614e+01
6.098657665820108775e+01
6.476058438694445840e+01
6.863408545462479537e+01
7.000319044698674986e+01
6.585426107050963651e+01
6.648335050795340351e+01
6.842191897969890135e+01
6.941960101072119471e+01
6.999846480636952606e+01
7.205034767327914835e+01
6.859635215020635712e+01
7.009517065613771081e+01
6.865137089003617632e+01
6.933173251522225655e+01
6.616712619366280990e+01
6.919219772497970666e+01
4.751977611366907439e+01
6.498512046331929071e+01
4.624369501867343502e+01
5.850643046110474188e+01
4.603874768281770002e+01
4.412722377301696497e+01
5.879431540746788443e+01
6.052592130453034969e+01
5.823071593145007796e+01
4.502425566712230420e+01
5.963643846324452369e+01
5.767644579565025253e+01
4.397561658214335978e+01
4.462751672668677827e+01
4.646235366393148780e+01
6.498104923772253017e+01
4.426015777026410802e+01
6.978279548192855941e+01
6.785549297537576763e+01
5.078655562993359496e+01
5.860409057672625721e+01
6.691375277373944641e+01
7.157646516377570833e+01
7.199718387153824040e+01
7.277094656066557832e+01
6.522185798916069643e+01
6.715132070277878995e+01
6.883833081726388059e+01
6.507259721860461354e+01
7.238002835460059714e+01
7.701046655722811352e+01
7.025160914104947096e+01
5.625177825926766673e+01
5.867736690444092318e+01
4.417524045914083075e+01
7.092699955111579868e+01
6.315390456758605353e+01
5.924297127288529197e+01
6.546522601780776540e+01
6.480297279256983245e+01
6.527765705305263566e+01
5.306667169539416307e+01
6.799780139281858737e+01
6.202839522493760427e+01
6.195488127276831136e+01
6.751894206126783615e+01
6.676557755162444607e+01
6.760656837751497505e+01
6.865863983402601889e+01
6.727281157139343293e+01
6.741902865631642783e+01
6.824374394656770448e+01
8.326148730504704076e+01
7.796262413308376438e+01
5.630017249920541644e+01
5.805859608498066393e+01
6.569556392948759083e+01
7.117011260677585938e+01
6.945680003870900521e+01
6.729320140016027096e+01
6.777417840540050520e+01
6.900037578469905952e+01
7.200683523957799537e+01
6.954378264512814667e+01
5.973674598957897786e+01
4.388644878620456780e+01
5.468534896728520778e+01
6.789363731462789531e+01
6.380435594023357027e+01
7.162043278132122737e+01
5.438430091972943359e+01
6.401918288548949931e+01
6.943645001728421562e+01
6.693839949870923078e+01
7.023791868139433348e+01
6.660673958837065811e+01
6.783843599336219654e+01
6.620808990183226683e+01
6.095761242063726826e+01
6.660889632171965502e+01
5.433670819681692876e+01
6.438065202725334757e+01
7.141096043712013852e+01
7.046959323003747500e+01
6.693283553168190281e+01
6.373727514023736518e+01
6.186899199121658910e+01
6.751942012778609126e+01
7.005027386023024860e+01
6.767499360422080201e+01
6.900061757560339970e+01
6.901497918012118760e+01
8.528600159157269900e+01
6.555144377510198694e+01
7.276913072879305844e+01
7.055281067171510756e+01
7.754298892738080440e+01
6.567919821138609393e+01
6.800569509287913661e+01
6.974593076074985731e+01
6.817725766374384477e+01
6.546837513171395528e+01
7.209336428050079348e+01
6.870597608803871026e+01
6.357958229426037633e+01
6.419860261435401583e+01
6.752523417884049195e+01
6.921060253400034412e+01
6.443552016765983126e+01
5.550387827847050914e+01
6.311661190432146640e+01
7.038161988614157849e+01
7.302944412818767717e+01
6.726955340101808645e+01
7.404470995603359995e+01
6.793890261525210406e+01
8.902010498346629674e+01
7.604140356534358602e+01
7.525204044382060431e+01
8.625681081376974646e+01
8.186791809781158236e+01
7.352870399760377040e+01
7.179085402414206385e+01
7.186627148565300160e+01
8.372684143022435421e+01
8.547722119030009935e+01
8.481058635280682267e+01
9.918168713243132117e+01
1.473933879436522432e+02
4.989663489460673418e+01
5.389643096994324623e+01
6.078210073213544007e+01
5.680856309540727977e+01
5.416387255186955940e+01
7.020472109984284259e+01
6.520062466555768310e+01
5.717331871729490445e+01
6.803396249835779486e+01
5.690097502732315604e+01
7.191706476322973174e+01
6.730061569771152108e+01
6.390383477173924831e+01
6.390383477173924831e+01
6.922485576383638772e+01
5.762122604644132196e+01
4.951878271431355927e+01
5.880382235492296417e+01
7.057059668106663253e+01
6.865365875088977532e+01
6.332443119808800702e+01
6.800258161280869729e+01
6.883512897386191298e+01
6.607277958665154927e+01
6.208807688894094667e+01
6.546003810769481390e+01
6.418424934079794753e+01
7.215679027390220313e+01
7.668887752677871106e+01
4.534858955415406001e+01
6.551865667814040251e+01
6.931577929178439490e+01
5.378656497462447561e+01
5.679529931424610112e+01
5.572725440091039673e+01
5.577059683828952785e+01
5.472343933753503364e+01
4.446603845692337842e+01
6.767210623646887768e+01
6.430112011765852742e+01
6.080839104812908857e+01
6.175441338365148169e+01
6.149463143383929520e+01
6.533860678945271161e+01
6.033330890712091588e+01
5.318519902511589947e+01
6.778382312462238701e+01
6.503959442502963384e+01
7.064083272133504465e+01
6.965738152403339711e+01
6.087714061748919647e+01
6.087714061748919647e+01
6.818031359989271323e+01
6.597252578573667847e+01
6.864462212299167732e+01
6.539989117759158432e+01
6.621987875402102475e+01
6.528382736737883363e+01
6.619732544798446838e+01
6.606625090848170601e+01
6.727143959768990555e+01
5.907450622295446152e+01
8.033347848577187733e+01
6.864089691415324523e+01
7.196189779257463215e+01
6.607792347524858201e+01
7.057631697915763880e+01
5.466989362287141319e+01
6.880363844397871276e+01
6.107151343575419844e+01
7.151472923534656445e+01
7.205034767327914835e+01
7.197633378319876840e+01
7.197633378319876840e+01
7.197633378319876840e+01
6.846870831824422510e+01
7.051479334450965553e+01
6.522519532217232552e+01
6.126251249950599487e+01
6.965981187858851342e+01
6.753851563735933894e+01
7.023990192309400982e+01
6.674069008718656448e+01
6.672599522973993658e+01
7.130513606439865271e+01
6.691894851200551386e+01
7.925548047867161472e+01
7.940463305295156715e+01
6.749446104434983340e+01
6.476883002687911528e+01
6.652257744426356112e+01
6.947176378152775555e+01
7.225011533938709363e+01
6.569099524088323960e+01
7.061340972845367503e+01
6.847824394511778223e+01
7.329988862854732190e+01
7.856145266408775285e+01
7.843834952318375997e+01
8.652192520631339789e+01
9.802519065035694723e+01
1.041275786826907961e+02
7.433736091778116872e+01
6.885352522415740850e+01
7.213044732421759875e+01
6.898099175826938279e+01
6.951861367385426149e+01
5.419891417036430425e+01
5.952121314224149984e+01
6.016165216420724704e+01
6.016165216420724704e+01
6.331314953160120496e+01
6.419858056883923325e+01
5.919665694811741474e+01
6.871057883078070461e+01
6.534654561364720848e+01
6.481378708322145599e+01
6.541891788073573366e+01
6.842117536053679316e+01
7.068455953115305590e+01
6.628973768702090297e+01
6.589739234899154496e+01
7.215056950626623689e+01
6.065087641052122791e+01
6.624786146687625887e+01
6.902364331444117340e+01
7.981057763840414054e+01
6.161977496823035949e+01
5.626403672528454081e+01
6.647211044165408111e+01
6.516630743202270537e+01
5.669204472483428248e+01
6.815191128159412415e+01
7.603205087631744163e+01
7.157157623730358864e+01
7.116874937023328584e+01
6.338852400003036536e+01
6.889038856951313505e+01
6.273904862181339581e+01
7.235949968936611754e+01
7.094439730350822515e+01
7.464896321916340582e+01
6.955027313566692726e+01
6.941745717571508578e+01
6.993988675664789412e+01
6.283083362070966871e+01
6.753932122868819476e+01
6.953153280030440442e+01
6.270554892684737069e+01
6.746072795115112797e+01
7.274860702637386112e+01
7.196021918193844158e+01
7.780068957519317507e+01
7.529245821400699867e+01
7.443957396543176230e+01
7.202537616927331499e+01
6.593021117152106569e+01
6.407007698562007647e+01
6.523634737390067073e+01
7.091481597234549383e+01
7.284702109471994902e+01
8.222460126510550538e+01
6.917465276771351057e+01
6.953751044940720760e+01
6.984708857487713374e+01
6.881061005622986215e+01
6.481200292841398891e+01
7.390407309687944348e+01
7.018594445316576014e+01
7.286365678787758782e+01
7.168725889696479214e+01
6.773628609425253444e+01
7.663627523170607958e+01
7.095387802006042932e+01
5.832427470190851437e+01
6.684199375777426155e+01
7.123571782571235644e+01
7.069117354848407331e+01
7.510783050343471245e+01
7.484510650230575379e+01
7.468841639411141387e+01
7.399947112481855527e+01
7.424335123556321037e+01
6.537777328697893608e+01
9.071094696634449406e+01
6.758224482664780908e+01
7.185872176716310378e+01
8.201995596972710700e+01
8.113788028186222334e+01
8.583117270779695218e+01
7.243970912775223780e+01
6.040710241103288070e+01
6.796695079471864176e+01
5.993468236817347616e+01
7.131625912467821138e+01
6.594742097564410699e+01
6.876187216808556002e+01
6.155125470468333759e+01
6.792237650762326950e+01
5.238060767626564029e+01
7.071400878562124603e+01
7.135091514463904616e+01
7.502646293595445570e+01
7.210350965127268807e+01
5.739256309540728296e+01
7.298171601448004253e+01
6.381230215546754891e+01
6.884728268866977885e+01
6.927974293734945377e+01
7.083105019378714928e+01
7.221837594384416548e+01
6.937710549489074197e+01
7.230812758119263606e+01
7.045526801061983235e+01
7.571186139196362319e+01
7.133245745876433830e+01
6.708915544431901878e+01
7.727888834899644621e+01
8.129930660513572604e+01
6.964653613300480117e+01
7.217708895501951361e+01
7.090226252075974855e+01
6.780605469078122383e+01
6.162243842420024720e+01
6.900472441528094691e+01
6.488146254737510787e+01
7.767373652417892060e+01
6.816762517406544930e+01
6.923390740992746828e+01
6.977835541615816339e+01
7.248592184894985735e+01
7.522416167364414719e+01
6.751116275978492354e+01
7.339466328621961111e+01
7.205446800552621767e+01
7.682254383846347423e+01
8.074697082266079917e+01
7.305712933295819766e+01
7.473927938426074036e+01
7.250882823758225015e+01
7.582826642659810545e+01
7.387720256022574006e+01
7.903831552490055401e+01
6.680554559098943912e+01
6.510319821946670515e+01
6.786305658362591942e+01
6.585587855605879781e+01
7.254625145298379607e+01
7.125701028635468504e+01
8.665466038881736210e+01
6.921626646434567931e+01
6.960553763364271163e+01
7.243568711240172320e+01
7.732245743244378389e+01
7.698582746748677152e+01
6.941774265025438240e+01
8.340945084945361998e+01
1.435774227846308690e+02
1.353745172743006719e+02
1.276625580019926360e+02
9.330215520864629752e+01
1.006861346683315190e+02
6.842658388077197174e+01
6.818658388077196264e+01
6.818658388077196264e+01
6.788658388077196548e+01
6.738476569895378532e+01
5.404994924127218781e+01
4.396858403400256066e+01
4.700965315533090916e+01
6.509310733929407888e+01
4.574256612893282892e+01
4.574256612893282892e+01
5.419544071037967825e+01
6.414736953687625487e+01
6.502689537004131637e+01
6.848525346398092495e+01
6.749206516880013851e+01
7.066647030811544994e+01
6.932660729866188376e+01
6.653853371165358510e+01
7.178256681590194432e+01
6.786034493121545097e+01
6.869838110380602814e+01
7.051289043531340894e+01
7.138808505658960257e+01
7.206535034377687055e+01
7.407444942546013067e+01
8.098541385432483253e+01
7.298305320813948072e+01
7.276913072879305844e+01
1.155477999929545092e+02
6.936484980586294569e+01
7.183041314965547031e+01
7.187816237007079678e+01
4.523518279811536047e+01
6.812477837999136909e+01
6.501542257121539592e+01
4.946846826180939161e+01
6.652361010951609899e+01
4.814933336252559570e+01
7.100167101880154519e+01
4.560010542784441157e+01
6.799088725117114507e+01
9.220378802609738500e+01
5.434820832873874252e+01
6.715107944301401233e+01
4.388644878620456780e+01
4.668731337751316346e+01
6.923578395054597934e+01
4.677888751552629287e+01
4.796930907528005150e+01
1.324171383364126200e+02
6.407074532525740551e+01
5.201312389492808563e+01
6.915197490063370367e+01
4.520008574877350327e+01
6.535360791153395610e+01
6.621699259384787695e+01
6.195746815673291508e+01
4.743179880222071176e+01
4.499248805690926645e+01
4.720732201978319864e+01
4.362727467906171341e+01
4.502425566712230420e+01
4.168243065712602657e+01
4.523518279811536047e+01
6.339300527219931780e+01
4.418887940655422142e+01
4.489426064357601120e+01
6.228936672583639478e+01
7.209337221368309656e+01
7.135562457803538905e+01
4.888003808180837240e+01
6.308680759860190079e+01
6.323013289763164835e+01
5.421704181116011512e+01
4.487549931908799294e+01
6.526724670236187364e+01
5.415772994842353683e+01
5.749789621555591879e+01
6.480356878976677137e+01
6.118076594601382823e+01
5.149050617772977034e+01
6.080705299275058451e+01
7.010221008064655734e+01
6.890293832764437809e+01
6.911452815656402038e+01
4.417524045914083075e+01
4.440823074871453713e+01
6.960563837456014369e+01
4.362727467906171341e+01
4.430825057979198789e+01
4.558604503877310776e+01
4.466951212725929565e+01
5.851684544926762754e+01
6.516802288198095994e+01
5.343499687055594904e+01
5.560622494595518361e+01
6.609513372698422984e+01
4.909261145199205600e+01
6.659118024809554015e+01
6.418424934079794753e+01
4.796930907528005150e+01
4.906647543760990260e+01
4.576861823295915599e+01
6.813662982362234288e+01
4.489107424951977521e+01
5.955496041788120465e+01
5.883978991448258000e+01
7.640647226787250190e+01
4.748329570913288222e+01
7.078815272352586874e+01
5.987619567610739324e+01
6.881447748515836338e+01
7.046307567249448311e+01
6.845841634771514350e+01
4.608423276217993703e+01
6.831070134361374357e+01
6.653887059174179797e+01
7.181734354618362204e+01
6.866145694828166768e+01
6.337596474518811362e+01
7.056837346239657904e+01
6.685939637998504281e+01
6.713028736484450576e+01
7.164275563517165324e+01
7.152079391465278491e+01
7.098962128081836909e+01
6.807530288553745379e+01
6.633060365858624152e+01
6.693950148467739325e+01
6.400021749393552284e+01
6.755698728790149232e+01
6.965259986528573677e+01
8.914070093238996151e+01
7.245730840989168087e+01
8.238382524484924829e+01
7.468534647536033333e+01
7.903136650036542221e+01
9.368791963728477867e+01
6.847824394511778223e+01
7.620501696285619175e+01
7.948623353613820086e+01
7.982120968023596674e+01
7.301937415442975521e+01
7.478334083823905587e+01
8.518534708159820923e+01
