6.662548695559669909e+01
6.764566829932734038e+01
4.650163438601544641e+01
4.713448987487692676e+01
6.971522620725353647e+01
6.856798064660586078e+01
7.464328653586437667e+01
7.905714515662862141e+01
4.783821993549766916e+01
4.576375445626324279e+01
6.369488427206817960e+01
6.100997029100795288e+01
6.592325689532393085e+01
6.889190029728850106e+01
7.182909879820778087e+01
6.846076251554391945e+01
6.854254917580153972e+01
1.288080808569680187e+02
4.376184407414559985e+01
4.867822629761112552e+01
6.309182684494882665e+01
6.996616256181457061e+01
4.491007957684627883e+01
4.400639404320774162e+01
6.263706957413906906e+01
6.429654789642668788e+01
6.558660268322252307e+01
5.577235401225431843e+01
4.590158120022289978e+01
7.099752949688289050e+01
6.988731097962717342e+01
6.030738991585751307e+01
6.044907142973647751e+01
6.731928347799065193e+01
6.049901482594305691e+01
5.932395644760717346e+01
6.198207348530960559e+01
6.503242314248245748e+01
6.506270220261987447e+01
7.308911543685269407e+01
7.448939625088235061e+01
7.409098666834985636e+01
6.958563945348448954e+01
7.037448874875045135e+01
6.823518077255808123e+01
6.180765139914463902e+01
6.932440105652662510e+01
4.762608935126514353e+01
6.746290519472960057e+01
4.645824731230274551e+01
5.527263737283021783e+01
4.561243092685148781e+01
6.348580740968078828e+01
5.421316357419456011e+01
5.918067748164541797e+01
5.440871355209871751e+01
4.405861365546078900e+01
6.109502525544407803e+01
5.639431946043910671e+01
4.400639404320774162e+01
4.532760427558256566e+01
4.643650983684453593e+01
6.980440264021522978e+01
4.485666387247024289e+01
6.972845566227977088e+01
6.804718541318068503e+01
6.062800473606016993e+01
6.247299049550652228e+01
6.602438847432061664e+01
7.202784772590025852e+01
6.411007951919762604e+01
6.429265843349899967e+01
6.683847574088196097e+01
7.031300980885981744e+01
6.349571400343765504e+01
7.324898235067774976e+01
7.672656969642822844e+01
7.181774379014781573e+01
5.586449575159257108e+01
5.606847348712186374e+01
4.454351343924803075e+01
7.297455772842181432e+01
6.377172014312744608e+01
6.413723198442485796e+01
6.963295560151749442e+01
6.321877021210595871e+01
5.266922573377490124e+01
5.656164694184406727e+01
6.664603783770910184e+01
5.872388062623794269e+01
6.743520936450074998e+01
6.471566100972241031e+01
6.663706494006856929e+01
6.850086164032029501e+01
6.790752361275659155e+01
7.015065632032434451e+01
7.221810675426301884e+01
7.512353117242122380e+01
7.792492501967882390e+01
7.176924194438596771e+01
5.002314996260915336e+01
4.910405692013833345e+01
5.139910802539350954e+01
6.370621175568716410e+01
6.750358304605634885e+01
6.300138224605061765e+01
6.697274268914402739e+01
6.880245150918563013e+01
6.586702815851238313e+01
7.040133701894481533e+01
7.389113779426963902e+01
5.892201100970265060e+01
5.676869110046261824e+01
4.400639404320774162e+01
4.400639404320774162e+01
5.606858504076872407e+01
7.052972156040863183e+01
5.688701903427084972e+01
5.485726204702495323e+01
6.645777153374336876e+01
6.532373677336704532e+01
6.851229961764988730e+01
6.772610441275519122e+01
6.886261476041589447e+01
6.588270991098207219e+01
6.462321149250369956e+01
6.288100632595467943e+01
5.406535856255713668e+01
5.979521159791953977e+01
5.640487867872383987e+01
5.785224249533070662e+01
7.203438819757998601e+01
7.026162189029901128e+01
6.744074679484548085e+01
5.983085956066346967e+01
6.932950938257457096e+01
7.330371210660582904e+01
6.235958401433124720e+01
6.690617766105502540e+01
6.421282579976251270e+01
6.914617474629788774e+01
9.162377248658239637e+01
6.500854527194624666e+01
7.658600751133084827e+01
6.902392223279642280e+01
7.135240624853986446e+01
6.799547355272089533e+01
6.589184389023915855e+01
6.729524949731249706e+01
6.573166524878014627e+01
7.571137046445998919e+01
6.720179043796679252e+01
6.848381125355673760e+01
6.540508003914459323e+01
6.878773052238362595e+01
6.622013027907026128e+01
6.794082033101332740e+01
6.559769945008908110e+01
5.787952695536619530e+01
6.003552567123195161e+01
7.261670294475213439e+01
7.059767543925740085e+01
7.281720830533338074e+01
8.155286697593898282e+01
6.847527735014411121e+01
7.908876992960732366e+01
9.346828194019354896e+01
7.670196383308865506e+01
7.225042676928912044e+01
8.218015748810492482e+01
8.015061416052402876e+01
7.452584429121365872e+01
6.483156817326327825e+01
7.725807612100948063e+01
6.474323958777213761e+01
8.480959719673259656e+01
8.781205316624867407e+01
8.956689520863676535e+01
9.330099535947795175e+01
1.518057937935562904e+02
4.950241215801850103e+01
5.567189411942479182e+01
5.784678690012761848e+01
5.834486670339017422e+01
5.800206585587925900e+01
7.564822932911842202e+01
6.396442137091269586e+01
5.376945210530683283e+01
7.198549854892198141e+01
6.932571536759488140e+01
5.918665340211036607e+01
5.918665340211036607e+01
5.636311912202999252e+01
4.931812343833617263e+01
7.281898269905475729e+01
7.160822194761013293e+01
6.621524080461435346e+01
6.541850175684277247e+01
6.429900757234882747e+01
6.879386598549655218e+01
6.702432878644954428e+01
6.242381695599540592e+01
6.512366319289633054e+01
6.128977857260178297e+01
7.045303138330343984e+01
4.511874065918544829e+01
6.745496338830197658e+01
7.259711975962447639e+01
5.602936691247621326e+01
5.422019565538416686e+01
5.107117852310186379e+01
5.005085200534313827e+01
5.181680468396015726e+01
4.413804889984903923e+01
6.680780304286804494e+01
6.461438645479671550e+01
6.320382696062335981e+01
5.913771295228259106e+01
5.594007165761888700e+01
6.364284564989146986e+01
6.082916752588264586e+01
5.104874273538673890e+01
6.854197141241918700e+01
6.432311562377978476e+01
7.454010085036294697e+01
6.608318353706339110e+01
7.176393897002587607e+01
5.923954354018191282e+01
5.923954354018191282e+01
6.515216472567607298e+01
6.671696293491572760e+01
6.637939874589500278e+01
6.953435391538367583e+01
6.890885366860587169e+01
6.287845830684738502e+01
6.046815669103546043e+01
6.536504206567641972e+01
6.920030457523763801e+01
5.990034188694482253e+01
8.036362378369693715e+01
7.086635367010201492e+01
7.196671348735411300e+01
6.755633589119327098e+01
6.808312922203371897e+01
7.564713141979883915e+01
7.352784651663112925e+01
5.543370437561871711e+01
6.729879667599135473e+01
6.979135514815452268e+01
6.256958658779847582e+01
7.136914916328474590e+01
7.409098666834985636e+01
7.110887972470690954e+01
7.110887972470690954e+01
7.110887972470690954e+01
5.918665340211036607e+01
7.564605125220066384e+01
7.064592536072657936e+01
6.639228779306520778e+01
6.559386378610028601e+01
6.963843721731014114e+01
6.676117298871901085e+01
6.802244743422524209e+01
7.318726994378847905e+01
7.040158056615410942e+01
7.119343811900797903e+01
6.544943312472911146e+01
6.898104271142676680e+01
7.669095438390002073e+01
7.380790328269344514e+01
7.364635843493161360e+01
6.639733400170555910e+01
6.466219621668898299e+01
7.011843932320502404e+01
7.058980362217594973e+01
7.624296990177903410e+01
6.531100336013565766e+01
7.783682892367535544e+01
7.623157034469632265e+01
6.830929855716026111e+01
7.596214703426313974e+01
7.867752444838892245e+01
7.607774797584139037e+01
7.947128761444399458e+01
8.708333036922776671e+01
9.381921451381410293e+01
7.647917871432940728e+01
7.415653624401795696e+01
7.184104632752200814e+01
5.438914186752993629e+01
6.265146398317540388e+01
5.806510326301517466e+01
5.806510326301517466e+01
6.233124999459040794e+01
6.510193887372420818e+01
6.234422313073408617e+01
6.344144927965173508e+01
7.065214820054461597e+01
6.696375250183004368e+01
6.674969743545082679e+01
6.990657840644846033e+01
6.770592539701402757e+01
6.623339450128841577e+01
7.124762638703847983e+01
7.112952768530976755e+01
7.559591675218979390e+01
6.844719310825296077e+01
7.476450457213451273e+01
8.296883132512223824e+01
7.120030209755195472e+01
5.866151714524135485e+01
6.001587950269342286e+01
5.576235178729828590e+01
6.779287457376688053e+01
5.449796286801450407e+01
6.556381278659789302e+01
6.060486637343839078e+01
7.125754269319122614e+01
7.620037032640098573e+01
7.570652532030763382e+01
7.144918612228484278e+01
6.341143827748769013e+01
5.997728413070063169e+01
6.917679180112149595e+01
6.074512956215493631e+01
7.252756801028125722e+01
7.267037677488929148e+01
7.480746174911517699e+01
6.991114064994756916e+01
6.996964217634840111e+01
7.544264080340722955e+01
6.262893351631962702e+01
7.107788381913914577e+01
6.163993750797944671e+01
6.593534007017289866e+01
7.574067304421470226e+01
7.726863403779232442e+01
7.781551556381687362e+01
6.912297491532986271e+01
7.781518974834128244e+01
7.904931529016985792e+01
7.821687409247866185e+01
7.211766602245425872e+01
5.036877927530491661e+01
5.910227152444529253e+01
6.463753384934278756e+01
6.597824477693903589e+01
7.393930302830814583e+01
7.267795731814017302e+01
8.629691598010342091e+01
6.894351763814698586e+01
6.619580727677478649e+01
7.087836536322986092e+01
6.912154128397521902e+01
6.261246703159289240e+01
6.961103391271400653e+01
7.072577294692419514e+01
7.497252709750732436e+01
7.288862079020154283e+01
6.628995251658884058e+01
7.874427583969509215e+01
7.179019935004849629e+01
5.970424735471438993e+01
6.792292429602781567e+01
7.205760695202933164e+01
7.289653842514003657e+01
7.366271574368008146e+01
7.490736846795019233e+01
7.717143274611916581e+01
7.133127887074496698e+01
7.313276902477835506e+01
6.794547546045498621e+01
7.004897900109702391e+01
8.197708168523134020e+01
8.188052672194406512e+01
8.595473578437135131e+01
6.311294107078343529e+01
6.995492669818600007e+01
5.798199196192951632e+01
6.245354003934082954e+01
7.075941690520672012e+01
5.628881382876055994e+01
6.562675247070140472e+01
7.275695622611802094e+01
5.189382803210457951e+01
6.990873897604529930e+01
7.443106971039323128e+01
7.710472497892239119e+01
7.398328662696404479e+01
5.901153337005684563e+01
7.658838342010204769e+01
6.765293045067278399e+01
6.861996331683975825e+01
6.847026478281347295e+01
6.926152651255377179e+01
7.135563382904989282e+01
7.634992451599811147e+01
7.062078198754215919e+01
7.409546924270011914e+01
7.141571194676146206e+01
7.573008106016818886e+01
7.376333998043767792e+01
6.816163332555802867e+01
7.186743654832520178e+01
7.384819439970931398e+01
7.381141394330046523e+01
7.234407874648179870e+01
6.313320382528372221e+01
7.118603426817733748e+01
6.591573730770872430e+01
7.173383972074736903e+01
7.257479050312653612e+01
6.594207345431789236e+01
6.628588516876756387e+01
7.159612081611719248e+01
7.698862534198124763e+01
6.840656748201836024e+01
8.003877289083979463e+01
7.608747147664156785e+01
7.552849312171832707e+01
7.784791963691375827e+01
8.372229749675017274e+01
7.584251996546809949e+01
7.125028556312663852e+01
7.386608338555714681e+01
7.280034714095829429e+01
7.482009301346657537e+01
6.440159752118350411e+01
6.976148739225381235e+01
6.495783674055307699e+01
5.878499998344484823e+01
6.176521451829408704e+01
6.856309079896917069e+01
7.712282350100669248e+01
7.086168982721356713e+01
9.271834114079919686e+01
7.010432273202587794e+01
7.124512207697397059e+01
7.035395851746204698e+01
8.071627480092830353e+01
7.847465130497457153e+01
7.012998485630834011e+01
8.464894556379607593e+01
1.326922793418879110e+02
1.270304488169178967e+02
1.216003423002376707e+02
9.580503068261974420e+01
9.826152315126147130e+01
6.972984279407397423e+01
6.960516316020670047e+01
6.979984279407398162e+01
6.972516316020670502e+01
6.929516316020669819e+01
6.021897789808710399e+01
5.810652196154004656e+01
5.512039414665624548e+01
4.286498728477228326e+01
4.393305423325499248e+01
6.670245793182296268e+01
4.650163438601544641e+01
6.158230940254195218e+01
5.765207973424501375e+01
6.987415997731747552e+01
6.733078747905720718e+01
7.112740050897897959e+01
6.690078915981321472e+01
6.736122442005030564e+01
7.391178981846285012e+01
7.499520383720742700e+01
7.101320260433354292e+01
6.663868257190308952e+01
7.092884707493432472e+01
6.902221942434567836e+01
7.119282310139291781e+01
7.572817352687489745e+01
7.986038141308253557e+01
7.731358522151468549e+01
7.658600751133084827e+01
1.141331934106397910e+02
7.204381394756551060e+01
7.396371533035912194e+01
7.317833258684413522e+01
4.624721282954412516e+01
7.059411031457716490e+01
6.808493711054579478e+01
5.212568756244954216e+01
7.007852564303604481e+01
5.438893253993822441e+01
6.984873204288108184e+01
4.766422412479863624e+01
7.199040768017455605e+01
6.990001716332210435e+01
8.492730704994144730e+01
7.090158381675901467e+01
5.350493467135303405e+01
7.005190513396891561e+01
4.377085148155300942e+01
4.648855199281835837e+01
4.693173534618303933e+01
4.807122288581427938e+01
1.336602536363000127e+02
7.290102003726485691e+01
6.482920745233398918e+01
5.282354725749655699e+01
6.782624193582236671e+01
4.675948857627854238e+01
6.778691008628645420e+01
6.481167576489274040e+01
5.936400497179883473e+01
4.925923971328742823e+01
4.670410872229862775e+01
4.743005256879347087e+01
4.391247792994497701e+01
4.405861365546078900e+01
4.316363733266366864e+01
4.566147107130236549e+01
6.210735886406711614e+01
4.465775319407660504e+01
6.184039253367771494e+01
7.698538854557179434e+01
5.103623654188344716e+01
6.478023525527417803e+01
4.444475468434747256e+01
5.171238042832425919e+01
5.594828258604422899e+01
5.681068654855768330e+01
6.196116151929219029e+01
5.274784224561985724e+01
6.433859335195664642e+01
6.065062607882153145e+01
7.213540919257593487e+01
4.454351343924803075e+01
4.650163438601544641e+01
6.898787629852635916e+01
4.395144407414559851e+01
4.472302587880509606e+01
4.698209067846838849e+01
4.831571866790286407e+01
6.050916310850688973e+01
4.522159486791399274e+01
6.344994796128302283e+01
6.611930177336742531e+01
5.203204372828919588e+01
7.040493886464133766e+01
5.387005917202373695e+01
6.587482063347425765e+01
5.237399119493828437e+01
5.871326078753309474e+01
6.956217547047367589e+01
5.579210667782668054e+01
6.128977857260178297e+01
4.807122288581427938e+01
4.943150355033307619e+01
4.563349641692448699e+01
6.449829183308757763e+01
4.662973852937967223e+01
6.124344356559137026e+01
5.962420845486020227e+01
7.551967084435547406e+01
4.564947553653045986e+01
7.198433612533088422e+01
6.268201285631082698e+01
6.786068355263027740e+01
7.208063154085769497e+01
6.575348511564226328e+01
4.645824731230274551e+01
6.972722290134946377e+01
6.622734753246699313e+01
7.316125318826739488e+01
6.578715034855937915e+01
6.257717289468390476e+01
7.091392400334592594e+01
6.914449107662063909e+01
6.698987559433192018e+01
7.641268522028529731e+01
7.450806740660461003e+01
6.935078530221392157e+01
6.476727044663213917e+01
6.848545434924554343e+01
6.658533680153898615e+01
7.009125498390635300e+01
8.543380335130467529e+01
7.652961123544649524e+01
8.193153812894456678e+01
7.459170730473773858e+01
7.722329410922797877e+01
9.495111865834122966e+01
6.830929855716026111e+01
7.650067078684163846e+01
7.015139259333408006e+01
7.640644958475206749e+01
8.966033633118196633e+01
