7.495242819847008775e+01
6.890390222631648953e+01
4.523013414732272963e+01
7.042579333008883680e+01
6.867629758688011066e+01
7.837802607289609114e+01
4.479233978104311120e+01
4.452431685807800932e+01
4.284797795374089446e+01
6.532766810377505351e+01
5.631816234244298869e+01
6.592920242225878269e+01
6.315585964565833876e+01
6.421429460646105269e+01
6.781901852307221645e+01
6.354751673837271397e+01
4.118898793324286345e+01
4.369159855605522580e+01
4.369159855605522580e+01
5.863741842156191098e+01
7.005830575668747429e+01
6.832307802333002655e+01
4.503363719538667453e+01
4.351904348535509826e+01
6.462497198273875654e+01
3.995597530182210733e+01
6.563715794121851843e+01
6.569786442498377710e+01
4.997527770734251362e+01
5.121936362304325030e+01
4.501112439345865823e+01
4.623908677694728908e+01
5.602923782339799175e+01
6.855221191057765395e+01
5.644358474334784148e+01
5.317368047855241286e+01
6.010838876638217698e+01
5.631394241775929288e+01
5.644553770698382067e+01
6.867460507887525978e+01
7.322038430843302592e+01
6.996209712655434032e+01
6.713551672383019309e+01
7.240163494424797364e+01
7.383131122519390033e+01
7.010583253646672119e+01
7.567271073640350210e+01
7.190924045711221879e+01
7.232973037021959328e+01
7.027771838355630507e+01
7.094554081234440446e+01
6.193711363453044072e+01
4.889068273003458387e+01
6.497836674149085923e+01
4.676090042827576809e+01
4.960163284193802724e+01
4.520879689571258098e+01
4.281448297046330964e+01
6.226063063179483237e+01
4.735811691494968301e+01
5.670209631260522087e+01
4.821924772890145050e+01
4.391666282567022961e+01
5.025699545828572923e+01
4.745592090160849352e+01
4.351904348535509826e+01
4.456897719755936293e+01
4.470757756428905338e+01
6.278628927007204652e+01
4.221292605746621263e+01
6.904123824339718851e+01
6.779953311992203169e+01
4.837469332496117147e+01
5.785813636763560197e+01
6.437556308495021540e+01
7.252561910935939693e+01
7.105210236880171237e+01
6.876036375674863166e+01
7.267346252790984806e+01
5.803069541799263931e+01
6.547259652661745122e+01
6.698708672542989007e+01
7.309977064520222712e+01
6.431664382265799418e+01
7.452219959808633121e+01
7.716100146535072213e+01
5.329025279123402470e+01
4.142968485422447600e+01
4.322028554784619558e+01
6.466043739354856257e+01
4.893050725700415171e+01
6.361669337236154576e+01
6.314197427431645337e+01
4.546518394793552886e+01
5.957144952109761959e+01
6.694206337319695876e+01
7.546912216996270217e+01
6.391676593350684499e+01
6.588588738524533994e+01
7.183600664366684896e+01
7.229515761458289091e+01
6.032318476158116738e+01
6.865293717799805506e+01
7.273023985812523051e+01
6.563494372057262183e+01
7.454517174934488821e+01
6.739754985855803682e+01
4.626925779693685570e+01
4.447921952504194820e+01
6.454938548264387066e+01
6.720066928947457541e+01
6.432085443309587447e+01
6.815826061625753596e+01
7.074865078349263570e+01
7.205325162895516655e+01
7.407960597474907161e+01
6.245496943015049851e+01
4.566963365202882130e+01
3.884385798169871151e+01
3.884385798169871151e+01
4.715281078533746495e+01
6.836355600097043350e+01
6.074930505761887645e+01
7.523011566957971752e+01
4.742637227131112354e+01
4.669258397314847286e+01
6.643884400374005850e+01
7.228821828679586758e+01
7.179582854911039647e+01
6.765899932047379650e+01
6.722160601703775740e+01
6.687147043372330302e+01
6.227171742137980459e+01
5.426919140372289263e+01
6.634887996382610709e+01
5.625078531973653639e+01
5.762831501019863367e+01
7.119189038889393828e+01
7.052645745275015088e+01
6.647056571840320771e+01
6.389270557517502880e+01
6.045863274468609205e+01
7.306843528158508150e+01
7.042384444547485600e+01
6.382385648471164075e+01
6.878636813074398049e+01
6.168933671024371534e+01
7.131690955333378668e+01
6.458858470645421335e+01
6.978640965432499854e+01
6.931052269560281331e+01
6.390598633122888828e+01
7.068988271223327047e+01
6.523203320882790024e+01
6.623174528793408911e+01
6.689435703722223536e+01
7.576077095030002795e+01
6.561872690422916321e+01
6.595387368501174308e+01
7.170085313020035755e+01
6.543567486619627971e+01
7.052684052774485224e+01
6.391277347401109665e+01
5.542874875071386498e+01
6.362271661884665264e+01
7.174015989162604967e+01
7.497454565166705720e+01
7.040247014255005809e+01
8.645566667861200472e+01
6.510819086942944978e+01
8.094885198407486371e+01
9.698305211212982613e+01
7.739557877344930148e+01
7.741199130620637447e+01
9.268574535053377872e+01
8.589758249624883035e+01
8.530799491227935505e+01
7.323689517319365905e+01
8.393927424386936309e+01
7.077782613699737624e+01
7.362786178282115657e+01
8.909084532156238367e+01
9.429297602123884303e+01
9.298486960824773462e+01
4.283250458839224706e+01
5.660969209982722816e+01
4.894743775227085791e+01
5.683737168679177643e+01
5.356324167174906847e+01
7.311491927598360974e+01
6.707292017064742140e+01
6.082442978820381541e+01
5.316918925543284047e+01
7.321531233767333902e+01
7.049769652634853401e+01
6.478548511906410567e+01
6.201407559307401129e+01
6.021876285797664963e+01
5.902294635951774637e+01
7.053138801675940783e+01
7.070973272741207438e+01
6.302880752671624975e+01
6.397191236156598393e+01
6.981289822844627224e+01
6.517216380434381051e+01
6.291507353758601795e+01
6.008669783389128582e+01
7.240971708370838655e+01
7.952347052350077661e+01
4.282014986641134868e+01
6.359823627470255758e+01
4.637375004119509470e+01
4.562468284751858505e+01
4.831864732901870241e+01
4.764634493549630889e+01
4.831290475884881630e+01
4.741769598346607495e+01
6.320815142951276755e+01
5.475830432201338738e+01
5.445742127443036651e+01
5.640128652081783400e+01
4.792168132148967175e+01
6.904773305999532340e+01
6.260030755138750891e+01
7.151408845944698101e+01
6.640424143368461785e+01
7.043779985483723749e+01
6.336639100837761873e+01
6.565945851083100138e+01
7.015830146040511295e+01
6.950566991315513121e+01
6.797380895624245056e+01
6.265773967632932795e+01
6.511051947684003949e+01
6.731195176632579091e+01
6.378481797812179366e+01
5.615181909980014296e+01
8.068296475527675682e+01
6.854864072039610789e+01
7.609161521967934050e+01
6.563516415771839263e+01
6.922018340513892554e+01
7.418337732022328623e+01
7.437163224961742003e+01
5.718474235998202460e+01
6.728967990715739234e+01
6.814970302235781219e+01
6.314318534026075014e+01
7.677050668650848309e+01
7.204861690171125588e+01
7.496747391000808136e+01
6.478548511906410567e+01
7.354077818203255390e+01
6.809858759031902764e+01
7.082757104286724825e+01
5.908803143234469957e+01
6.011600359586776676e+01
6.973554883235735247e+01
7.210718226708682721e+01
6.574200705702416769e+01
6.478880677567180157e+01
7.376743720757396261e+01
6.391863067250496755e+01
6.892022197567344222e+01
7.750531359902699080e+01
7.428040164196744399e+01
6.229556429511355731e+01
6.957834776059402770e+01
6.753364052710577425e+01
6.481216655972282581e+01
7.111998942090839648e+01
7.596750911126747496e+01
6.612509606927636696e+01
7.015291949972419161e+01
7.788713748480486743e+01
7.565125064558165491e+01
7.059756461782210124e+01
7.789448828262590041e+01
8.570761137249876072e+01
8.273742786517090053e+01
8.726583540200778089e+01
8.743114516296616046e+01
9.690067283416065891e+01
1.008481065215507329e+02
7.634454217917691210e+01
7.540289700817329788e+01
7.466177495579441370e+01
7.729045461680603069e+01
8.072430819882379183e+01
5.659123230129080184e+01
4.899256130387517771e+01
6.405259254842103189e+01
6.548235257981920654e+01
5.536820611691328509e+01
6.093938155295408166e+01
6.567186588546626069e+01
6.961247235087709839e+01
6.161759756021907464e+01
7.135342731877993572e+01
6.836106339738117299e+01
6.725672200740679330e+01
6.987115156412882300e+01
7.027949049913955548e+01
7.232834435707911780e+01
5.725257904368120876e+01
6.679123493690119062e+01
7.561856012400417626e+01
6.910209780595899076e+01
7.632714149247813396e+01
8.582742281980856092e+01
7.277659109761367517e+01
5.202458927090652452e+01
5.322581678829370588e+01
5.357835558450451430e+01
6.253181166291430770e+01
5.431708615201303303e+01
6.956017811380446858e+01
6.085814694723284646e+01
7.221346441249320947e+01
7.011387888189403839e+01
7.520065935674810476e+01
6.187181764738112832e+01
6.174379425853696546e+01
6.789175386252409794e+01
5.832366899255924864e+01
7.043638530690175514e+01
7.308314276568755474e+01
7.786954251356115719e+01
7.077398865302126296e+01
6.922857095416883055e+01
6.606557372554793517e+01
7.217247294773534350e+01
6.871605023375504118e+01
6.903268782173149987e+01
7.728156585579709770e+01
8.013800470692439148e+01
7.957547013900756383e+01
6.974963203046516469e+01
7.487089745951644204e+01
8.334873857308649292e+01
8.242909221004887854e+01
6.883265573714804475e+01
6.110667758511306857e+01
4.907926023196716869e+01
5.826884416215817453e+01
6.282852974841682681e+01
6.770757291962128477e+01
6.461507363306478169e+01
7.705295497462647347e+01
7.802972286146939496e+01
7.111210040852904513e+01
6.882516754640286649e+01
6.841814854734461449e+01
7.192052612404633294e+01
6.059721130489195673e+01
7.312265819617392992e+01
7.120348473867652217e+01
7.450410951910586732e+01
6.558726782488047036e+01
7.539621994201493749e+01
6.031362588449734830e+01
6.793038009407221978e+01
7.348131827992092724e+01
7.260467835053283636e+01
7.908533836961971986e+01
8.080724388796978985e+01
8.086286056282717993e+01
7.847845345908625347e+01
6.822998925271282644e+01
7.067945001775574099e+01
7.243545987641446970e+01
9.001411472839819794e+01
8.218353748652610591e+01
9.122722278409067087e+01
7.440927961282535819e+01
5.205791218881396532e+01
6.721091785268831131e+01
7.603066702364827734e+01
5.988739310580215403e+01
6.921079456639935756e+01
6.322012093171286296e+01
6.341392781987400440e+01
7.820412738204908010e+01
5.369831806691957610e+01
7.193992756698720825e+01
7.330215674741309329e+01
7.330409118937616597e+01
7.586916256131154057e+01
5.722105589731808806e+01
7.557556859794007664e+01
6.387910875568125846e+01
7.082486325596529753e+01
6.553311559054520785e+01
6.904943057076127388e+01
7.093673881520832936e+01
7.072667117153379479e+01
7.069085828136367411e+01
7.310118461543757462e+01
7.769570779428508445e+01
6.850891585647208615e+01
7.898534259248677358e+01
7.801324345484353273e+01
7.196819923683770526e+01
7.234392213171707908e+01
7.136995722856207180e+01
5.944608075114543766e+01
6.936797906943904479e+01
6.671774999704834386e+01
7.003676797516827435e+01
8.232918911174310495e+01
6.893234154399083025e+01
7.503532798949738947e+01
7.053520423647091775e+01
7.433127282115344769e+01
8.020449419481613518e+01
6.300878312913200574e+01
8.429906894051759991e+01
7.457674974238460663e+01
7.229539242568876034e+01
7.984579551765050098e+01
8.364181333760107862e+01
7.804999844694533806e+01
7.377974188497006480e+01
7.434350895077167820e+01
7.778827933037329956e+01
7.462088935523647137e+01
7.266929351955987215e+01
7.553071450977242307e+01
6.725251594388839749e+01
6.021217013820076147e+01
6.486773691073719306e+01
7.367592745016840183e+01
7.464972845794534351e+01
8.641391459514410656e+01
7.177062947546984617e+01
7.245690600791881764e+01
7.231828510962647272e+01
8.024583141514841600e+01
8.024135487729944316e+01
7.170106560437938015e+01
8.756820068902031551e+01
1.314240779465777393e+02
1.240965981396134907e+02
1.019707948342227724e+02
1.064619034166232723e+02
6.973770246864292233e+01
6.925770246864291835e+01
6.876029987124032061e+01
6.876029987124032061e+01
5.661457098941207278e+01
5.127988173721382736e+01
4.921301753098390463e+01
4.623594856470738534e+01
4.350493581913534058e+01
4.350493581913534058e+01
5.217238211846222384e+01
5.862073308391968141e+01
6.192843441071577359e+01
7.159057585615288133e+01
6.590787005003903687e+01
7.171806320307666738e+01
6.943594217688914227e+01
6.860898425854726668e+01
7.343402897242637550e+01
6.870631898883108590e+01
6.534100146826750688e+01
6.238485139981851546e+01
6.962996757285432636e+01
7.153266257675917927e+01
7.879284027448184702e+01
7.836660273301997393e+01
7.679320227593832726e+01
7.438463975501416314e+01
7.510961937235640562e+01
7.445827337168044835e+01
4.548839712073139196e+01
6.740796320110014506e+01
6.368040808883181825e+01
4.711313291654552415e+01
7.226559197721141459e+01
4.651621455992023613e+01
4.563617780385177980e+01
7.241018014542466119e+01
6.823997073322327367e+01
8.826319648501910820e+01
7.559124446057766988e+01
5.362845490779700697e+01
7.018351254300256414e+01
3.894330242614314841e+01
7.233264150640226831e+01
4.545342908445294938e+01
5.031205622024864965e+01
1.317019151063370259e+02
7.153060519697562825e+01
6.435625339276091950e+01
4.284916031845014572e+01
7.197296833148399742e+01
4.376188235205725618e+01
6.664723180551692394e+01
5.727640304371457347e+01
4.496527394539324973e+01
4.402183726147951859e+01
4.711733440196898925e+01
4.206762713158414613e+01
4.391666282567022961e+01
4.122516064385933277e+01
4.448150443008869814e+01
6.372753038433960171e+01
4.208902199378715636e+01
4.284958067139252336e+01
5.285799632984052465e+01
7.513340268162977509e+01
7.668482424500204786e+01
4.923122863959232376e+01
6.400667492008589932e+01
5.777496460086300800e+01
4.356974047197189748e+01
4.336609313909544028e+01
5.842924864608180968e+01
4.611149840996711191e+01
4.453199557932782682e+01
5.965800599129855186e+01
5.194346955669541188e+01
5.536820611691328509e+01
5.409173388000253624e+01
5.743367542052592967e+01
7.039863502744242396e+01
7.176211805576586755e+01
4.422222347066609416e+01
4.269039642415936697e+01
6.772527290338312866e+01
4.096595763021255721e+01
4.190038938066040686e+01
4.291197855200660172e+01
4.528385598932095490e+01
5.330648070139319117e+01
5.474987713058614247e+01
6.246211681917952063e+01
4.514659753876700421e+01
7.156889655180806642e+01
4.710583811772598040e+01
6.404786644209241331e+01
5.498002521033205880e+01
5.255846518101614606e+01
7.168772346388972494e+01
5.797829406732988389e+01
5.714653644297281687e+01
5.031205622024864965e+01
5.115859098035311803e+01
4.419106581280104251e+01
6.326378052855818623e+01
4.347394589502707163e+01
6.112224963001666111e+01
7.809165133187212859e+01
4.608815439800100222e+01
7.084426783493438506e+01
5.460364608862040114e+01
6.565823404551636600e+01
7.444957916341508053e+01
6.588675567634132335e+01
4.739209062182205656e+01
6.862460910360060495e+01
6.337813520034229953e+01
7.307324128276697195e+01
6.264228511153876866e+01
5.948484427516815742e+01
7.070196465825121379e+01
6.857288200291300484e+01
6.531563050934620662e+01
7.514426908191076393e+01
7.155953673521709391e+01
7.196297611665318072e+01
6.615403336170895443e+01
7.293248180820887683e+01
6.801300699994823162e+01
6.611991401168107529e+01
7.204346483793446509e+01
6.964718777111737325e+01
8.808255288600244626e+01
7.578225939003563383e+01
8.351311115641145477e+01
7.533622158989879836e+01
8.792569107319619093e+01
8.476075282151660417e+01
7.059756461782210124e+01
7.797269240633715981e+01
8.076902951749492843e+01
8.519269938823518373e+01
7.521326980901392290e+01
8.396569391277083128e+01
9.997606053559717054e+01
