6.981672158449744359e+01
6.554291769414450641e+01
4.488506057913798486e+01
4.554188239850185482e+01
7.179143599555584387e+01
6.758242799810479084e+01
7.773469631243989397e+01
7.968194038511049371e+01
4.721608417162505589e+01
4.913800062498848575e+01
4.493709773084077597e+01
6.420149287412871786e+01
6.405438333213992053e+01
6.749586286489386566e+01
5.991988996875844009e+01
7.142087889972941639e+01
6.825731636999242369e+01
7.233061428180567987e+01
1.310180033202222205e+02
4.261837688433601556e+01
5.022662437319715423e+01
5.022662437319715423e+01
6.511596831965123044e+01
6.901910348863037825e+01
6.419407363566058677e+01
4.804638867509098787e+01
4.516690920011220101e+01
6.065788766429265877e+01
4.269960343556255822e+01
6.426692423351062189e+01
6.636103560766011356e+01
5.608030848947888813e+01
5.655639035238445445e+01
4.515175038587526046e+01
4.580734938937670364e+01
6.562682538474581406e+01
7.076352014675282476e+01
6.878428063851649199e+01
5.494829323751534389e+01
6.038690290689318374e+01
6.822669779516479593e+01
5.559052624300276335e+01
6.201823616840025721e+01
6.519125026046056348e+01
6.820266358165649478e+01
6.954778268494584381e+01
7.198230111052322400e+01
6.737592045944074926e+01
6.581876409064405209e+01
7.090131391361036606e+01
6.975811922995271175e+01
7.088046627498894736e+01
7.554744583008326231e+01
6.779633824305416567e+01
6.898023536565979441e+01
5.884144101889685885e+01
6.061099234273224567e+01
6.906562039169220668e+01
4.664104473430949582e+01
6.472859244305529103e+01
4.706479007663615022e+01
5.837038664224794360e+01
4.807084232646280952e+01
4.493709773084077597e+01
6.199354585148372365e+01
5.287016992457936482e+01
6.371444789479213000e+01
5.407715980996447058e+01
4.880357112667674357e+01
5.986676222568738126e+01
5.184641544653446488e+01
4.516690920011220101e+01
4.417946998245744084e+01
4.606673152939104199e+01
6.300308203796934947e+01
4.412282535804449424e+01
6.858206361190350719e+01
6.812562990290301457e+01
5.240900653088531413e+01
5.769340065753056024e+01
6.843074855474939966e+01
7.124902684062955416e+01
7.092559098127439654e+01
6.807025922335482448e+01
7.389072626804966148e+01
6.262964829849743609e+01
6.233585527487469591e+01
6.704920648831709684e+01
7.030994920499404088e+01
6.657948447368494271e+01
7.579370945762353529e+01
7.721700757302201623e+01
7.288896828993915733e+01
5.426193938618986579e+01
4.290139686083425374e+01
7.036204331615201113e+01
6.473343636881085672e+01
5.822126594000727096e+01
6.414388720487515627e+01
6.537627891931771273e+01
5.244584995083270940e+01
5.823293646296716020e+01
6.040314620559946235e+01
7.043378366224922615e+01
6.284244005142743106e+01
6.630819798095278372e+01
6.638907672941257943e+01
6.776022073414898728e+01
6.772186197076453595e+01
6.880174964400949023e+01
6.839898551397267568e+01
6.928763087206533555e+01
7.227571478015138950e+01
7.412251901956776123e+01
7.543408010234702488e+01
7.662037914605689082e+01
5.325005337592715904e+01
5.153718109845294038e+01
5.141747018046007156e+01
6.179331052044722128e+01
7.149433711015561244e+01
6.559609096197986844e+01
6.648164669444514630e+01
6.846736691448626289e+01
6.828135839229527448e+01
7.406607419347966470e+01
7.180376068264608591e+01
6.489720615418085004e+01
5.648261972133503406e+01
4.220390631786544589e+01
4.220390631786544589e+01
4.923275443855240496e+01
6.299236581190675821e+01
6.070115972751568734e+01
7.084273804157575682e+01
5.638686495211781136e+01
5.455786367183478802e+01
6.229596056974325080e+01
6.299601256754838374e+01
6.500074998974795903e+01
6.761511051432259478e+01
6.736144024858906221e+01
6.671181431543286067e+01
6.251799175274298648e+01
5.760900385094257814e+01
5.852095823118035867e+01
6.138848873548699459e+01
6.763472138576302939e+01
6.004693234651931988e+01
6.447052195468536695e+01
7.398987599164095741e+01
6.258227488894996071e+01
6.814430074213832711e+01
6.711844421205935873e+01
9.602819770799081311e+01
6.528207087808816311e+01
7.757609990286380253e+01
8.281234518069673811e+01
6.706482217132213464e+01
6.819290553077868822e+01
6.679356802598981346e+01
6.825564825254744505e+01
6.293181532203720963e+01
7.769259278949259340e+01
6.743483188839269360e+01
6.556239978824444847e+01
6.998822193051238116e+01
6.441530831119142420e+01
7.008197428586311162e+01
6.293419791722206469e+01
6.380586537955244353e+01
7.133746702306696363e+01
7.624212614258678400e+01
6.915294569019673077e+01
7.964883533454541009e+01
8.305058462475233227e+01
9.266973122286840692e+01
7.640651191913725881e+01
7.461018310264270781e+01
8.292154720636227694e+01
8.168890167809074399e+01
7.393549814312699198e+01
8.064446986249805605e+01
6.725325772224995546e+01
7.405236627499512281e+01
8.867445992726432280e+01
9.669764822142438732e+01
8.081178007529896945e+01
1.429703088655892316e+02
5.372210350214729857e+01
5.974609197067260169e+01
5.763518318355562542e+01
6.269924033287570353e+01
6.540780477834854878e+01
5.895822838280197686e+01
6.641989397026546271e+01
5.641766160857670798e+01
7.259177203777794318e+01
6.158242579619560075e+01
6.158242579619560075e+01
6.316223271100761849e+01
6.223644281989271576e+01
5.005487241435167789e+01
6.528171807117608694e+01
7.037525958666269332e+01
7.052675402968615970e+01
6.558460963263338783e+01
6.291675365742756298e+01
5.744330475081500254e+01
7.121176069021963428e+01
8.146047528755197220e+01
4.719398652411106809e+01
6.289275092864947680e+01
7.292523809972014703e+01
5.536350087314985302e+01
5.693861754094224636e+01
5.211986290824333423e+01
5.485052931966500722e+01
5.022054837715317888e+01
6.199802077564979186e+01
6.045385886621028959e+01
6.287948689058495688e+01
5.416195605329634333e+01
5.388699944420543630e+01
6.142298670849898912e+01
6.137008560930328116e+01
7.053797322059750741e+01
6.269740195051964093e+01
7.337666128229474793e+01
6.529291811631024700e+01
6.037410246616304477e+01
6.037410246616304477e+01
6.453947604046872755e+01
6.464515854181203736e+01
6.923180607263593345e+01
6.816006970599897841e+01
6.479558091691477273e+01
6.067608934664610132e+01
6.315477165187148501e+01
6.834533165901441976e+01
5.960542677829985792e+01
8.540064727214773654e+01
6.929561422023948580e+01
7.129280684657430811e+01
7.311291525267765223e+01
5.920477816131546689e+01
6.642076219393547376e+01
6.743753416029090886e+01
6.101160470716820328e+01
7.554744583008326231e+01
7.479483772548206844e+01
7.479483772548206844e+01
7.479483772548206844e+01
6.158242579619560075e+01
7.320252187551477618e+01
6.863305079182211443e+01
7.096178372139479507e+01
6.324299781829353151e+01
6.900839637442358310e+01
7.223173922131508107e+01
6.972879849219854975e+01
6.642564544424868700e+01
6.546789507900382432e+01
7.260226747453980067e+01
6.762417255213753720e+01
7.342548670832275093e+01
6.669161090129587421e+01
6.911024092820142073e+01
6.673996024031895047e+01
6.795577765355818656e+01
7.222455481891034879e+01
7.063012912424963474e+01
7.530146289412712690e+01
6.518942739922655960e+01
7.186083773128787300e+01
7.334811646964013221e+01
7.106396948113628298e+01
6.997000930124674767e+01
7.483168325819517008e+01
8.604921051043245939e+01
7.939176200532612881e+01
8.236926889566105103e+01
8.059132281607737980e+01
9.824207299077900757e+01
1.012311725520412864e+02
7.652601014213291819e+01
7.343168874913615696e+01
7.216550828172977106e+01
7.404980359391062450e+01
5.843447310193045041e+01
6.004887944854190351e+01
6.004887944854190351e+01
6.487866116424495999e+01
5.493910710840936673e+01
6.535865827646530590e+01
6.819960222806911077e+01
6.655910207987338367e+01
6.607124841164936413e+01
6.272368480528957946e+01
6.764864543851574297e+01
6.690519021011665757e+01
7.088681801109478897e+01
6.796298786425016658e+01
6.395048392318335573e+01
6.506172307891664275e+01
6.604826515751285854e+01
7.303949969447398871e+01
6.508772728450990996e+01
7.657269237656714722e+01
8.277124075649416568e+01
6.991602884855217326e+01
5.502244309704697400e+01
6.014188180326465272e+01
5.551237355241610771e+01
6.498020804515532234e+01
5.360706493019215202e+01
6.527949882112216073e+01
6.199144168914657627e+01
6.895440227828859747e+01
7.143713099181046289e+01
6.377682563337345556e+01
7.260627393121795592e+01
6.546586143817445702e+01
6.290227404986599424e+01
6.891183783559961284e+01
6.092393031126496084e+01
6.901511976056539766e+01
7.456878211192506001e+01
7.103577218569566298e+01
6.862449319693658367e+01
7.268656954718512964e+01
6.591929720567924278e+01
7.079396181209794747e+01
7.045325868520417600e+01
6.467506603143348798e+01
6.832040433203333407e+01
7.389255036493860018e+01
7.713927166547335901e+01
7.759033389401706415e+01
6.911485481036835665e+01
7.658496237359069880e+01
7.703165503961993466e+01
7.791165503961993011e+01
6.897480942218071220e+01
6.048930487851934146e+01
5.403994655261209346e+01
6.015052797451105704e+01
6.180013449329150177e+01
6.664901239072011663e+01
7.578967409801694544e+01
7.169087886442294177e+01
7.193878596987073593e+01
7.076782408536388402e+01
6.994750249477931447e+01
6.489023585313614717e+01
7.105533066823593913e+01
6.869351257967061031e+01
7.458266046553842443e+01
7.328343606881527705e+01
6.600581294002319055e+01
7.442716903797196437e+01
5.793776616929472567e+01
6.472811217524203187e+01
7.243793628630572812e+01
7.391535629219114867e+01
7.771070044673022892e+01
7.915563866643715585e+01
7.926612836499619164e+01
7.325286431315005586e+01
7.573635207020511473e+01
6.604477450420260709e+01
7.296814288201929344e+01
6.863853407345415292e+01
7.214779837888350755e+01
8.813121854344379358e+01
8.654901485301442676e+01
9.024456444978640945e+01
7.032071773776917212e+01
6.359357169255391540e+01
6.587705600873842116e+01
7.422813699978017610e+01
6.342072913446045135e+01
6.966736072815771763e+01
6.217587810496996781e+01
6.372383475835987809e+01
6.961302898543495132e+01
5.514250040129543606e+01
7.263947740447693491e+01
7.489853827465121583e+01
7.213962958283298121e+01
7.435876987813512073e+01
6.039561385619449396e+01
7.251545804773745374e+01
6.466291143596382085e+01
6.980854810796090248e+01
6.547240860906990179e+01
6.802766201229145793e+01
7.010762591316674275e+01
6.968268165845302065e+01
7.339583811431772631e+01
7.167095841661674172e+01
7.267231930255275074e+01
7.639102021395873976e+01
7.140906993249555512e+01
6.774269600516723244e+01
7.814886234714585100e+01
7.668165345538376698e+01
7.129091486792091814e+01
7.210905821175626329e+01
7.164875229819028846e+01
6.969412513841966472e+01
6.554397918314911919e+01
6.971949545668707060e+01
7.128945096520422453e+01
6.441000389929774883e+01
7.226447970923800312e+01
6.662953294482568367e+01
7.333516290398549131e+01
7.943756927227663311e+01
6.700060585926676993e+01
8.869325253080566540e+01
7.372410624300628967e+01
7.278668766320831196e+01
7.678996304583844790e+01
8.106834498358604435e+01
7.543078231266198941e+01
7.899298831340234983e+01
7.314328322463126142e+01
7.962609745104875003e+01
7.708558014819166715e+01
7.684845105233900142e+01
6.907075143160190578e+01
7.550480947894560302e+01
6.346642016036080491e+01
5.965864605729657910e+01
6.134018260311473369e+01
6.507126401451857589e+01
7.331939994213041700e+01
7.355882179190679437e+01
8.577231591967304780e+01
7.204365852090006683e+01
7.107091369044817952e+01
7.904435450941217312e+01
6.887232926053880533e+01
8.670254130262834735e+01
1.358212546896999982e+02
1.356448220206033852e+02
1.195922672575510575e+02
1.065443547089009826e+02
7.046567458701586872e+01
6.971924924764935838e+01
6.971924924764935838e+01
6.971924924764935838e+01
6.971924924764935838e+01
5.524649054205495702e+01
5.453485473043978971e+01
5.539309900691231547e+01
4.391867106347892502e+01
4.702620694581312222e+01
6.560803979839245414e+01
4.482274611421833299e+01
4.482274611421833299e+01
5.371905073636991546e+01
6.337871502370503407e+01
6.366111765586723692e+01
7.204605636876344477e+01
7.227257817411532415e+01
6.654295688680018372e+01
6.799087495678840298e+01
7.337758993255675932e+01
6.608613060961332053e+01
6.602835648880019903e+01
6.766027404511258680e+01
7.161234050843351895e+01
7.225748263465777654e+01
7.833966575865696313e+01
7.601570660042115435e+01
7.757991182923191786e+01
7.097314351912268648e+01
7.757609990286380253e+01
1.145834714945555817e+02
7.022949620818339156e+01
7.483697209481051971e+01
7.374615176344742906e+01
4.497429275875661858e+01
6.462512739128932537e+01
6.711335587609111997e+01
6.963775170510767509e+01
4.729578079375053790e+01
7.110028793654697665e+01
4.801813315523243375e+01
7.035647139876077460e+01
6.969988717759797225e+01
9.155200210241845582e+01
7.106977473379410526e+01
6.950779797311651009e+01
4.220390631786544589e+01
4.659324747523014310e+01
7.047224500106467815e+01
4.869331205616487068e+01
5.040192346109262900e+01
1.312895278237512002e+02
7.148804705280916494e+01
6.638580701049102117e+01
7.263990375070100924e+01
4.479235210473498796e+01
6.729214088929019510e+01
6.339326562270196064e+01
6.213599901990924934e+01
4.683389932076443074e+01
4.597709067455117804e+01
4.967694887832335127e+01
4.880357112667674357e+01
4.510426003838490772e+01
6.504851516631123332e+01
4.621743777850495860e+01
4.617934730481712080e+01
6.030830195308134734e+01
7.586201944843351441e+01
7.443146753906417246e+01
5.333543026736927573e+01
5.554397078772426255e+01
4.724901114934040436e+01
4.454251035885887688e+01
5.581013639146222971e+01
5.170622899476759216e+01
5.251551405049033150e+01
6.022984695299324187e+01
6.493952853765134137e+01
5.493910710840936673e+01
5.365242299404340542e+01
6.919582012833512863e+01
7.164664841330569800e+01
7.020427161122276516e+01
4.488506057913798486e+01
6.818936159617386750e+01
4.261837688433601556e+01
4.387182619903434500e+01
4.669010417642789434e+01
4.736524760472616435e+01
5.972573966924455391e+01
4.351216172754648426e+01
6.086645212616292611e+01
6.637254330967488158e+01
5.157719096702464157e+01
7.065016057565185292e+01
5.227529600604979265e+01
6.443181699891067638e+01
5.944759119141133397e+01
6.582319816303650839e+01
5.635957696347352908e+01
5.040192346109262900e+01
5.425521456530479725e+01
4.608258383013868809e+01
6.012765860380596195e+01
4.493709773084077597e+01
6.220919391822695843e+01
5.841588340481298758e+01
8.035755239240239689e+01
4.775666998546223851e+01
6.983306089658233873e+01
6.877254576082084725e+01
7.256323166941224656e+01
6.572790124402851575e+01
4.624730024714025944e+01
6.893932239870905221e+01
6.162585646950286389e+01
7.132765800508262544e+01
6.425048467121916929e+01
6.152613699406261105e+01
7.167408751358389907e+01
6.667233788248448434e+01
7.831720128895426569e+01
6.872868554825261356e+01
7.246293427169682388e+01
6.743981924162180519e+01
6.714230733330839485e+01
6.532331448768624682e+01
7.082569353243994215e+01
6.789418589270606219e+01
9.071511604711847099e+01
6.599525305051290047e+01
7.292424040392256757e+01
8.262642701237541587e+01
9.344191659039546494e+01
6.997000930124674767e+01
8.116402857388514747e+01
8.035870082278168525e+01
8.800829103501372686e+01
7.409828952874887875e+01
1.028194662358675515e+02
