6.547423834944574139e+01
6.909942921885466660e+01
4.327391257694070248e+01
4.388261596438367462e+01
6.719324239702932289e+01
6.533774701429156551e+01
7.189987697727198679e+01
7.569430752560258213e+01
5.005685464291602216e+01
4.987089439383404255e+01
4.327391257694070248e+01
6.726236285786842473e+01
6.382556566407154008e+01
6.144458153866469985e+01
6.323210217940281552e+01
6.748104022011679604e+01
6.494685198874795162e+01
1.347714551560669065e+02
4.258040305956855320e+01
4.539214132060516249e+01
4.539214132060516249e+01
6.677820901763267614e+01
6.763759987414201191e+01
4.667515746143601518e+01
4.269959620577640180e+01
6.040025550864275061e+01
4.238726076707843049e+01
6.510596089613153481e+01
6.762093913625338359e+01
5.855713787032548368e+01
6.302288603478326934e+01
4.483933796059248778e+01
4.499630191565357507e+01
6.479289676724361868e+01
7.114133092116290413e+01
6.970262514101152362e+01
6.087370373977746141e+01
6.313014685168971596e+01
6.401468955549221107e+01
6.019208358604922893e+01
6.897370077686471745e+01
6.817603232340275099e+01
6.781922162807717314e+01
7.372379549490023010e+01
6.903627957946950744e+01
6.781743731183445334e+01
6.960683826962399223e+01
6.946637846426055773e+01
6.967075364259368087e+01
6.746140226708342880e+01
6.866910880542950224e+01
6.636598079904885594e+01
7.332057704815784405e+01
6.245491353181871119e+01
6.781670712906149845e+01
4.537688661166011883e+01
5.561275868610362494e+01
4.773063354656658674e+01
4.327391257694070248e+01
6.048388927682876925e+01
6.029588811286514272e+01
5.800741236034016879e+01
6.114561674583474371e+01
6.074020058112522236e+01
4.269959620577640180e+01
4.480228381446637087e+01
4.494611592231349562e+01
6.355736869132156386e+01
4.282072187348629200e+01
6.710033348600983061e+01
6.596063181879613069e+01
4.903879310768434152e+01
5.718182367769578889e+01
6.553644977078506884e+01
7.039098191975389796e+01
7.049674020210252934e+01
6.683713322934532641e+01
6.345533538283191177e+01
6.736555429840062459e+01
6.837243209266181054e+01
6.971858003845490259e+01
6.672890551786024105e+01
7.017886008721571045e+01
7.025900825752304968e+01
5.803789171099941768e+01
5.458865811038739224e+01
4.275156585026622480e+01
6.901687944274412700e+01
6.704313239395870028e+01
5.824826859604623053e+01
6.649348764135532974e+01
6.400472670177454404e+01
5.453735483909255777e+01
5.889913363335525531e+01
6.674635824872000001e+01
6.536689451889189684e+01
7.317872189826468343e+01
6.163117066329017035e+01
6.727416725526263974e+01
6.297454072814494452e+01
6.822700476342549791e+01
6.528484617636836163e+01
6.887881252282419098e+01
7.064230573064672569e+01
7.041565937243207429e+01
7.531506858687889405e+01
7.500633529820166245e+01
7.169952751237066479e+01
5.645156742995887100e+01
5.592140633423141338e+01
5.700296593348264196e+01
6.033066159903286518e+01
7.075051177139977199e+01
6.656202516607321229e+01
6.733577365470635812e+01
6.826461673783215645e+01
6.798630640784787715e+01
7.084976542270271693e+01
7.326426826394185809e+01
6.076316148262149852e+01
5.177237559775146281e+01
4.208005918605076090e+01
4.208005918605076090e+01
4.861389256339248988e+01
6.424417649631129734e+01
6.404375810273630520e+01
7.379659186157945783e+01
5.955479883447500100e+01
5.604368292934992013e+01
6.450373257845576802e+01
6.870608487122117936e+01
6.847124489060242070e+01
6.914345075909247385e+01
6.760004370536127283e+01
6.589459385829690063e+01
6.704514155096057948e+01
6.117980408151341010e+01
5.825691075850861722e+01
6.479492935432324430e+01
5.370335005881211998e+01
6.143427365577641552e+01
7.070521229958683307e+01
6.680795100102477591e+01
6.657672642892887893e+01
6.639565860160061561e+01
6.394302202817893743e+01
6.893625340447651695e+01
6.530865262469606591e+01
6.695871511850494073e+01
6.374187220240874296e+01
6.864720226809033932e+01
9.230605089200957991e+01
7.241157301569485583e+01
6.943318031748458452e+01
8.178335131442003103e+01
6.178040970908526930e+01
6.904406515650957488e+01
6.793458457168625841e+01
6.681014327533598873e+01
7.596169439545148805e+01
6.602993114685855858e+01
6.411614375962271595e+01
6.291393396394663284e+01
6.932245788631483663e+01
6.324059259382968889e+01
6.954206138766868150e+01
6.789164953889971343e+01
5.633487053248130394e+01
6.533218484686845784e+01
6.916583166858315224e+01
6.845863380930308040e+01
7.884935851184066280e+01
6.881539450214049225e+01
7.515518222970393936e+01
9.392185648089699157e+01
7.668310098610496084e+01
7.491138542958751145e+01
9.240151528301352357e+01
8.515872419841699070e+01
7.623754510167121623e+01
6.612788343893932108e+01
7.915252708598953291e+01
6.593231438277395284e+01
6.755778078678916643e+01
8.814525274598625515e+01
9.799398173790089572e+01
7.919726693524498273e+01
1.526674123523351909e+02
4.735567912545914737e+01
5.420340186531336713e+01
6.178138615450345839e+01
5.196709478044480335e+01
7.335026658794819809e+01
6.452030905590208931e+01
5.916584389883540496e+01
6.810608293640910915e+01
6.884475535576714833e+01
6.785345969575953973e+01
6.657311634580257476e+01
6.657311634580257476e+01
6.470505602099615317e+01
5.989618834987948759e+01
4.967763150282060280e+01
5.735992884621325061e+01
6.639635266586772389e+01
6.890302189827363577e+01
6.482281535826191998e+01
6.436805878135996295e+01
6.423066281536739552e+01
6.702830696973799718e+01
6.750982386755711673e+01
6.125185732602331967e+01
6.601892345755980784e+01
6.126397028241065357e+01
6.814324292635977542e+01
7.340836720353790668e+01
4.405519652970414768e+01
7.174707142679815774e+01
5.701848972898243062e+01
5.602258057096541677e+01
5.571512908516303497e+01
5.566900240205014683e+01
4.474729975657356817e+01
6.263552138169612959e+01
6.309643571717705868e+01
6.492613596557897893e+01
5.603684482231550135e+01
4.827237792437180275e+01
6.595498465894661422e+01
6.422725398753331660e+01
7.201657634463902014e+01
6.649965535501728198e+01
6.702282425903332808e+01
6.413367226401216215e+01
6.604812744744204167e+01
7.163764071623560881e+01
6.694499238806017161e+01
6.564578104110228196e+01
6.197352879014864158e+01
6.663848065439267998e+01
6.584289352083372648e+01
6.605589271958423581e+01
6.115403678152708267e+01
7.891721854161961858e+01
6.726080927005976662e+01
7.076867660795043946e+01
6.693121152688301834e+01
6.883071294606578761e+01
7.017407725584064337e+01
7.156255355257530937e+01
6.123523889458412839e+01
6.859676232562379994e+01
6.674092631778739815e+01
6.194538175178004025e+01
7.430948153444369098e+01
6.967075364259368087e+01
7.197274378879764356e+01
7.197274378879764356e+01
7.197274378879764356e+01
6.657311634580257476e+01
6.930551302937332991e+01
6.799686375915042902e+01
7.118166878708612444e+01
6.524510432781447378e+01
6.801889684813714609e+01
6.562506564264472786e+01
6.963663589433467394e+01
7.084192038983700002e+01
6.393580527128445112e+01
6.735598849026962398e+01
7.366271794615300905e+01
6.679773321419285992e+01
6.814779660970695829e+01
7.740642831459406636e+01
7.244248832032899088e+01
6.830578847474468773e+01
6.856807464085497372e+01
6.574744945236150784e+01
6.310896658453525276e+01
6.946446369226821105e+01
6.887132810107587488e+01
7.292014707342325153e+01
6.682721790055283861e+01
6.773928253581786407e+01
7.088684204674828493e+01
7.149891004420550189e+01
6.689604663996334466e+01
8.191273552073350572e+01
8.397800641511200581e+01
8.379312583139392245e+01
9.168451184280800703e+01
9.540214351012974703e+01
1.001039272036186389e+02
6.968086180044829803e+01
7.351233869938522503e+01
7.191868587258012724e+01
6.998531944878696720e+01
8.103075420065378864e+01
6.366263965662178492e+01
5.978302253219628426e+01
6.332864172102573974e+01
6.580810019851200821e+01
5.924119408087469196e+01
6.187609043501414163e+01
6.804664268593630538e+01
6.820266986294330991e+01
6.256729122427864098e+01
7.037876972857829116e+01
6.752913976087343428e+01
6.561220785255392229e+01
6.945125485211512739e+01
6.782327903448648954e+01
6.345858936049987165e+01
7.398162974043052031e+01
6.146207242623897571e+01
6.823486694538708264e+01
7.253795370521623909e+01
7.105849421593372028e+01
7.600447308598491247e+01
7.037855850576632122e+01
6.069175719066891617e+01
6.015005152190457238e+01
6.404086728464324096e+01
6.222456835062369862e+01
6.737053628685821138e+01
5.697194520361132675e+01
7.150351417350474037e+01
7.065119525995240224e+01
6.259494129276029639e+01
6.070180064706113399e+01
6.711343015927018030e+01
6.888143737909734909e+01
7.011645165364591037e+01
7.722629496065549404e+01
6.650649113378655386e+01
6.817306452890311164e+01
6.335601389843719033e+01
7.072495451838705094e+01
6.475652952558134245e+01
7.355589422556998613e+01
8.047098896301139348e+01
8.047098896301139348e+01
7.036976692229647767e+01
7.563426030411635281e+01
7.869267157504432930e+01
7.826375109382833273e+01
6.931571392645379603e+01
6.493682059708379484e+01
5.720730458265897056e+01
6.187794627137654402e+01
6.729562626372718626e+01
6.817504287945536134e+01
6.508392441864040734e+01
7.414382484704415788e+01
7.997821392520820893e+01
6.943649904087349967e+01
7.208609318487037854e+01
6.953550238714166198e+01
6.809511728160717325e+01
6.629356444694532513e+01
7.260145152356926701e+01
7.049305099622728221e+01
7.088213486661975082e+01
7.321403522132480646e+01
6.692371947647180264e+01
7.890182907053078054e+01
7.032629421794918301e+01
5.697530122304597455e+01
6.567453038234911844e+01
6.834970747178843453e+01
7.216184572076025461e+01
7.366904573747028451e+01
7.223229002575328650e+01
7.348993129400194846e+01
6.733838219109085799e+01
8.009980734273381131e+01
7.063761987554930499e+01
7.755450890473144909e+01
7.849518348025327441e+01
8.759669886106397030e+01
6.618969844487727983e+01
6.059988880129386501e+01
6.505449783390334062e+01
6.031504866897632411e+01
7.375710243324363091e+01
5.882836621789119391e+01
6.970843926352070241e+01
5.441711570251661101e+01
5.931023806823380085e+01
7.064843187720259721e+01
5.061189382373122214e+01
6.990207115371528346e+01
7.576936411841110441e+01
7.199422385511425659e+01
6.178138615450345839e+01
7.040022945857504055e+01
6.400489528387193161e+01
6.827425689276572029e+01
6.439807525866196158e+01
6.804836736291491661e+01
6.672120879696237239e+01
7.082588438810103071e+01
6.973346340225184292e+01
7.154867529519837888e+01
7.585799663151175309e+01
6.913523183250848092e+01
6.750486049862345794e+01
7.918361065913948948e+01
8.056391606295971997e+01
6.859255404544560975e+01
6.711267741648917706e+01
6.990134013086553466e+01
6.379704097342342095e+01
6.749109696785095025e+01
6.832111565248858653e+01
8.012922955872156194e+01
6.505153023593274497e+01
7.103563982130629029e+01
6.887163854127571483e+01
7.901303062015753653e+01
6.421888072558263616e+01
8.163971954592807379e+01
6.910645115387404758e+01
6.995977908538041845e+01
7.748882258716339777e+01
8.318446706028433368e+01
7.675137596710369792e+01
7.444792331499236582e+01
7.567981701135485650e+01
7.409706451433956431e+01
6.893840288055191934e+01
7.212595438630064848e+01
6.902452654521130171e+01
6.915009094369038678e+01
6.202952353176145550e+01
6.587142073391643748e+01
7.117443995282269498e+01
8.353182090905795576e+01
6.952423836630848086e+01
7.071670856025622243e+01
6.912077202042293322e+01
7.964822218796155084e+01
7.717839730611947857e+01
7.002690973663258944e+01
8.085926120369482817e+01
1.354539943671061337e+02
1.324204826844436411e+02
9.182339100072380234e+01
1.008215680643625802e+02
6.917195467853618140e+01
6.898166896425047412e+01
6.885195467853618823e+01
6.845179577584467268e+01
6.845179577584467268e+01
5.882727071247982309e+01
5.349029738376319898e+01
6.347371756609491911e+01
4.357207057478398582e+01
4.430158219598642688e+01
6.216154819040347235e+01
4.380677504688761559e+01
4.986004942038911736e+01
6.186693032885848709e+01
6.726336945786147226e+01
6.872146295096935376e+01
6.906898777535008094e+01
6.909850879424514858e+01
6.498407989072676116e+01
6.989277981706143805e+01
6.609460929921615957e+01
6.724498576016667073e+01
6.707469547010171596e+01
6.758767192701708382e+01
7.259182283154225956e+01
7.127975180648064679e+01
7.241157301569485583e+01
1.124993061678585917e+02
7.124286315986043405e+01
7.028744252035761519e+01
6.893520987630411412e+01
4.483933796059248778e+01
7.148423437767074518e+01
6.360058311936378317e+01
5.180919012827179415e+01
6.945604830693993392e+01
7.039433319501856090e+01
4.424017200601386435e+01
7.372430269908122114e+01
6.446418517988277586e+01
8.710128710813209807e+01
7.294707331868023914e+01
5.545239858965104673e+01
6.595032879219289157e+01
4.390721605056995713e+01
7.373236095499599685e+01
4.473910416235001719e+01
4.786056953568581207e+01
1.296816303387894038e+02
6.843731116450570084e+01
6.725875217498686709e+01
4.651009959536739302e+01
6.987543769806075034e+01
4.353459109302860952e+01
6.353717971447831303e+01
6.379447514778940587e+01
5.698819139496594488e+01
4.446135896524026521e+01
4.533222868120358129e+01
4.569504400216972329e+01
4.293998892718930449e+01
4.544285268506425268e+01
4.167632109565423804e+01
4.483933796059248778e+01
6.180971526125622972e+01
4.447793403051959160e+01
5.987213778397779151e+01
7.470603405375909745e+01
4.947976616195033728e+01
6.391880604547741029e+01
6.076623437149453366e+01
5.165284327322153501e+01
4.421852049680018126e+01
5.992599235699242399e+01
4.925122098346785293e+01
5.364363588027642038e+01
6.178311088259839323e+01
6.164303224944897863e+01
5.924119408087469196e+01
5.229273360883091470e+01
6.292498416799879379e+01
6.928111055968562937e+01
6.695176868918046864e+01
6.934610165588003383e+01
4.418655717009625050e+01
4.327391257694070248e+01
6.505581506302455352e+01
4.258040305956855320e+01
4.323703332449242964e+01
4.401787754713866008e+01
5.970092811292685298e+01
4.476172697354756735e+01
6.888685916528112330e+01
5.553954771398954193e+01
6.923064531347289119e+01
5.366632369369802547e+01
6.565063923158037085e+01
4.823666676757710547e+01
5.919577020627528441e+01
6.942974063794083861e+01
5.342204348673408276e+01
6.126397028241065357e+01
4.786056953568581207e+01
4.937597534589840365e+01
4.532449146282795027e+01
6.375857983952967345e+01
4.337017365685568393e+01
6.114904983970843233e+01
6.312599761455769709e+01
8.281004092937337191e+01
4.540610462515256529e+01
6.758776870790399016e+01
5.487789982218045992e+01
6.599221178687670886e+01
7.203365988454301316e+01
6.698232163257992511e+01
4.558006523331975757e+01
6.792907910794413340e+01
6.879947733206638816e+01
7.072344815888094161e+01
6.463979869962410874e+01
5.926351213027159304e+01
6.955235188848091354e+01
6.609755472446937574e+01
6.588147329224871385e+01
6.776459570437057778e+01
7.413879147557631200e+01
6.485617036513068001e+01
6.911584909026925061e+01
6.733448861875160674e+01
6.845388699698618495e+01
7.011143081094554930e+01
6.982783069777684659e+01
8.364222047347870159e+01
7.077594927039305617e+01
8.124140430454690431e+01
1.003258993225062738e+02
6.689604663996334466e+01
7.629223855408565669e+01
8.364884923687881724e+01
7.405131228909887398e+01
8.425283743507162626e+01
