8.094505942252304465e+01
7.076723671640986879e+01
4.204135528477974049e+01
6.549729958172230226e+01
7.732382784368540740e+01
7.588440611714196393e+01
5.593389132519835982e+01
4.204135528477974049e+01
6.629236494170420713e+01
6.168660631884606005e+01
6.865793134647367424e+01
6.881916786667741803e+01
8.261600313685518415e+01
6.837597868224679587e+01
6.951826762629548284e+01
1.455107602159150986e+02
4.267733140499181843e+01
4.503597683971788967e+01
4.503597683971788967e+01
7.375105798622240627e+01
6.761455727755226519e+01
6.595578611990492846e+01
4.581874227622641627e+01
4.276953433548487027e+01
6.199486628197926308e+01
4.267733140499181843e+01
6.587208019600788589e+01
5.328966483767836593e+01
4.473558628486079414e+01
4.457745752257324057e+01
6.517399583968983734e+01
7.601111416961178691e+01
6.963500193987646014e+01
6.023742336826475707e+01
6.095564783332770276e+01
6.874498381980659190e+01
6.535111867672081587e+01
7.128419853103714843e+01
8.503595364188025485e+01
6.927387577081296399e+01
6.779205390310769985e+01
7.355559986827037733e+01
6.915433814294509318e+01
7.347561062521867825e+01
7.159426972792937249e+01
7.094212782336788337e+01
7.137352830449125918e+01
7.201610699052491782e+01
7.508380962510162249e+01
6.474971460711267923e+01
6.999069961806976892e+01
4.562764162015188418e+01
6.749023510098611212e+01
4.577546499106026090e+01
4.523608970945703334e+01
4.204135528477974049e+01
6.207430473938651261e+01
5.239461981345695563e+01
5.590996232757600382e+01
4.022815666763653297e+01
5.947190814173800533e+01
5.249902356970329720e+01
4.276953433548487027e+01
4.415494874165956674e+01
4.394652239403239946e+01
6.229948948572192080e+01
4.232023681807410753e+01
7.025025954493806069e+01
6.924487282818398626e+01
5.277044538684155128e+01
7.244783334159301091e+01
6.953214901633467093e+01
7.256077726395737670e+01
7.080302718640425041e+01
6.943663563285608120e+01
6.309512492969144404e+01
6.633925159599546362e+01
6.877553065747358119e+01
6.687446908109006927e+01
7.479715847517472582e+01
7.442810721714823785e+01
7.123501086652585457e+01
5.833384526437893669e+01
6.180272408770653669e+01
4.284363682371102300e+01
6.924795429694553661e+01
6.060756517077869177e+01
6.255759755688042389e+01
6.490554665372643228e+01
6.179617602867396897e+01
5.973806404090925071e+01
6.417196269907317685e+01
6.612943502076443281e+01
6.511294581377657664e+01
7.207419323317469662e+01
6.863084227624220546e+01
6.806226283062375160e+01
6.845245617106870384e+01
6.911363179980092752e+01
6.998616872266512701e+01
6.661720923445675169e+01
6.719717392187283167e+01
6.897510504652065322e+01
7.201074688794415124e+01
7.295165764251537155e+01
7.204461283808912242e+01
8.061512953778196788e+01
5.070329197958907486e+01
4.862760727208956268e+01
5.004543423889910514e+01
6.229879323204045249e+01
6.853343209892996413e+01
6.791768159077369660e+01
6.640567700071613899e+01
7.034768783171855944e+01
7.211850938791273791e+01
7.059276138878438189e+01
6.558568542144311664e+01
5.145313530168367322e+01
4.236500781589782605e+01
4.236500781589782605e+01
6.481941497963353527e+01
6.262332384444793831e+01
7.294390327365080395e+01
5.942250219660050448e+01
5.851433335639374889e+01
6.540794761512850641e+01
6.255640682731482372e+01
6.655280435620230151e+01
6.578826248699520818e+01
6.824035161093219415e+01
6.946467609930066089e+01
6.224151527263209971e+01
5.990554216361089601e+01
7.096351511670904699e+01
5.715950047611724472e+01
6.858205656034581921e+01
7.224308792264739054e+01
7.105134043298963320e+01
6.519463570225148885e+01
6.556817372447308401e+01
6.294335574067418548e+01
7.111376117342796022e+01
7.262524918072867308e+01
6.391212912749011821e+01
6.955682108316418066e+01
7.107297705084660322e+01
8.276453208627310687e+01
6.832466648480529159e+01
7.545182945876074143e+01
7.225451907131291307e+01
7.984558227893128901e+01
7.109089397236361663e+01
6.740217471573522801e+01
6.715486302777185301e+01
6.913465048134973756e+01
6.804626163803497718e+01
7.060466212325749780e+01
6.788785140821507014e+01
6.731332308310710744e+01
6.980033643608859961e+01
6.853545437754058867e+01
6.732746243383270723e+01
5.695784938926979635e+01
6.191746331219960098e+01
7.241472645065989866e+01
7.025945702146182725e+01
6.971339813785390049e+01
7.931863912481450996e+01
6.937364758411722221e+01
7.939434202532871154e+01
9.014774565059985889e+01
8.070547364160768211e+01
7.590842386216168336e+01
8.866475828364959000e+01
8.552886464564421942e+01
7.830756130851257524e+01
7.161723599853758060e+01
7.923389484284794548e+01
6.862765613161519695e+01
7.204304658853727972e+01
8.345029535438892765e+01
8.563008465877875608e+01
9.172192793638080843e+01
8.629554993544304864e+01
1.518170421092816582e+02
4.312640995531934607e+01
5.682322698920150827e+01
5.566418484349762963e+01
5.898667600368077757e+01
5.350030381207329810e+01
7.223820392394387113e+01
6.516354379183550805e+01
6.187196729035912313e+01
6.823936686927676476e+01
5.300344880623646304e+01
7.082133503019758791e+01
6.944208761099685034e+01
6.712661726752060076e+01
6.320158008595179666e+01
6.397616389203137288e+01
4.752126890940962056e+01
6.785274216932772617e+01
7.226765404770794987e+01
6.742885484016481712e+01
6.472619381283151085e+01
6.295577011372619580e+01
6.800884867788548149e+01
6.918456867938972721e+01
6.618261460216881176e+01
6.964790285976562245e+01
6.157459894558699176e+01
7.115520110055048519e+01
7.786765874165340051e+01
4.458454810870627938e+01
6.481237284561652245e+01
7.180157020007536062e+01
6.160671222393877144e+01
5.917818158052008926e+01
4.829481007758006683e+01
4.970282860767525790e+01
6.065260907650042554e+01
4.127802939160129370e+01
6.612279726652064937e+01
6.374961168113789256e+01
5.840171143919364027e+01
5.935126253809828256e+01
5.275861671445213119e+01
6.261511561433732709e+01
5.432124166867178872e+01
5.185629801108677839e+01
6.896135801829784384e+01
6.215495139828325222e+01
7.178096171042206208e+01
6.513360763440489620e+01
7.301326867842809065e+01
5.866187097869990907e+01
5.866187097869990907e+01
6.447671786619142154e+01
6.996647578991152727e+01
6.408409067579499663e+01
5.821444849132683430e+01
6.965391974990889423e+01
6.642152839823202726e+01
6.713439734360920852e+01
7.859997438407688719e+01
6.926594456365350538e+01
7.273705833796043407e+01
6.594410286662981946e+01
6.774007208096385568e+01
7.331710444846649466e+01
7.299756098666686910e+01
5.953415919810571921e+01
6.907130880394861094e+01
6.801309253742124383e+01
6.095123139425151493e+01
7.769865732576717221e+01
7.159426972792937249e+01
7.129745677207709775e+01
7.129745677207709775e+01
7.129745677207709775e+01
6.712661726752060076e+01
7.211440328799550059e+01
6.922576710542314515e+01
6.957421407117780632e+01
6.892829766656991808e+01
6.283160783768452262e+01
6.869095222587394289e+01
6.794916884101054677e+01
6.909296508941443449e+01
7.177548222170682379e+01
6.603903032334520162e+01
6.954995926603947964e+01
7.030501547282018748e+01
6.499874688959334890e+01
6.889895238885672768e+01
7.890462404852351597e+01
7.145065578498467573e+01
6.964572027521667508e+01
6.883495904576662383e+01
6.685218201749326283e+01
6.943279479622792394e+01
7.025550066238291436e+01
7.711551127386496773e+01
7.155087416678415480e+01
7.197656265798903519e+01
7.457561661358720073e+01
7.242619456081634155e+01
7.030536020472004566e+01
7.676182325279675922e+01
7.524875071847105801e+01
7.941789188521492804e+01
8.429537184798577698e+01
8.830372220273993378e+01
9.577658974563178162e+01
9.870894972825959712e+01
7.693151184439317092e+01
6.949827097201159631e+01
7.166307724027008419e+01
7.683380154199242895e+01
5.602074389398280374e+01
6.185450421923966502e+01
5.808304895630300990e+01
5.808304895630300990e+01
6.253127594535484945e+01
6.023742336826475707e+01
6.002503094539437711e+01
6.856120884316985098e+01
6.854774747964818005e+01
6.541358651085373310e+01
6.945450901974659530e+01
7.521901099262287005e+01
6.889003122304558246e+01
6.349637207334158973e+01
7.331542155237065117e+01
6.638919098946406905e+01
7.095408469081328917e+01
7.620917320311053800e+01
7.052368038318368804e+01
7.637607682296594191e+01
8.021376069622522209e+01
7.343251909528315480e+01
5.724477113971077813e+01
5.331983533676590525e+01
6.667630414002941563e+01
5.344217698109790149e+01
5.784839985371709759e+01
7.075276457812928754e+01
7.262550107389144216e+01
7.275560016305097122e+01
7.071565542375040536e+01
6.412089726647943166e+01
7.026530095135282750e+01
6.627125184647141509e+01
7.286679917161860942e+01
7.553096727501636565e+01
7.056787651801306538e+01
7.078800649331437000e+01
7.279939080691480058e+01
6.935742242763718934e+01
6.862742630198822269e+01
6.274086744506218594e+01
6.813428783130920863e+01
7.420182971116932436e+01
7.421972840764411217e+01
7.506543064856265346e+01
7.694247065983022082e+01
7.775757194484529577e+01
7.784328623055958474e+01
6.523676765442606040e+01
6.272722777293508756e+01
5.490597295130783806e+01
6.609561338818683396e+01
6.636184865546054823e+01
6.806993362043122886e+01
7.147772568601638454e+01
7.926963851761072988e+01
6.894510500932921104e+01
7.369573118996193273e+01
7.079823769822053237e+01
7.024011998776641974e+01
6.997400200592367980e+01
6.898275036977207719e+01
7.497059071566816613e+01
7.055195211864150906e+01
6.785127476433154925e+01
7.543448975679767443e+01
7.197169233332316196e+01
5.944780362025737475e+01
6.643594521344012094e+01
7.298529937843284188e+01
7.117312049089704828e+01
7.640689670811981671e+01
7.690866192412440228e+01
7.965235943910600724e+01
7.360266974360490622e+01
7.458700949465855956e+01
6.834970291182411017e+01
7.574949158567328311e+01
7.117660128648009277e+01
7.230151322155532512e+01
7.817365954647273441e+01
7.907879546640890567e+01
7.218392388922963221e+01
6.162451937553210257e+01
6.923419531471998312e+01
6.358493490050247487e+01
7.161264757558863892e+01
6.073357248532970232e+01
7.032159325748078516e+01
6.540025254122458875e+01
6.456110707739840393e+01
5.446378844293951715e+01
6.941794117329347102e+01
7.437540500173925295e+01
5.916211460017201063e+01
6.492070792433119664e+01
7.193253503758838008e+01
6.922642976484598876e+01
7.033866154269934157e+01
6.921989842140165194e+01
7.054853869819400813e+01
7.315384469384306954e+01
7.124689678487413858e+01
7.261986989483452248e+01
7.015240931193739016e+01
7.531557971829039388e+01
7.164160855467642364e+01
6.886439529303612517e+01
7.774031268144028672e+01
7.680002333953849813e+01
7.025441517978593708e+01
7.222643133793731351e+01
7.155180280769656065e+01
7.014350757962316152e+01
6.270965659843039219e+01
6.826431692447283694e+01
6.443751972785840110e+01
6.943395749536691142e+01
7.777018249449278642e+01
6.698479762076257771e+01
7.339986038102092891e+01
6.824567828772138967e+01
7.218376322696599345e+01
6.707676495285703311e+01
8.051098491470163765e+01
7.227237412638416458e+01
7.227157277086290321e+01
7.844806219381059975e+01
7.962941136063501801e+01
7.453711965107592619e+01
7.490201631810801075e+01
7.406182268437414962e+01
7.339278102495019596e+01
7.903397139513175773e+01
8.272483687285345866e+01
7.274491478317125370e+01
6.399139372342063581e+01
5.871229071021534196e+01
5.954825323063631970e+01
6.553037619898333332e+01
7.395184807778595371e+01
7.191766831294724227e+01
8.498913617490634920e+01
6.821813811140535222e+01
7.114702056881706937e+01
7.802988743658704607e+01
7.647994638215136831e+01
6.854423875152176038e+01
1.207788089550785315e+02
1.179288208325913985e+02
9.003164221511347876e+01
1.003749294686730025e+02
6.984718316830681317e+01
7.005718316830682113e+01
6.906384983497348173e+01
6.832978203836331943e+01
5.520886502000531237e+01
5.358461915892431193e+01
6.327023585457752120e+01
4.177123115792182517e+01
4.611320319189874795e+01
6.057308996234538512e+01
4.205864588307034069e+01
4.205864588307034069e+01
5.283206140965442188e+01
6.217602996572908580e+01
6.352562604996083451e+01
6.797476995768484187e+01
6.527846262885535111e+01
6.880553286639049304e+01
6.730287828192699351e+01
7.248823779659296918e+01
6.525069921835219589e+01
6.958563682918831717e+01
6.965000508741763952e+01
7.333970378174403493e+01
7.574284404624907552e+01
7.922377961988794937e+01
8.219853356843677261e+01
7.314000895036733141e+01
7.545182945876074143e+01
1.242348059679627994e+02
6.948271093852970637e+01
7.242066687262982327e+01
7.398842712227482821e+01
6.871938912644000652e+01
6.766071911153414931e+01
5.041825570994731009e+01
6.493142187902586215e+01
4.666664576590888203e+01
6.490193889044104480e+01
4.379707609325754447e+01
7.175750616468080523e+01
7.232234472311171203e+01
7.126293145976727317e+01
5.255372655423470007e+01
6.967553881641649127e+01
4.236500781589782605e+01
4.008093640249146006e+01
7.143496720364049679e+01
4.512841377344170724e+01
1.272994407595622874e+02
7.164240643836424738e+01
6.239030195617038288e+01
4.565885331784262746e+01
4.292934008707725724e+01
6.276327247976748680e+01
6.624173041780984761e+01
5.366613220765569991e+01
4.426517341845700315e+01
4.262021144916329973e+01
4.605702877488469937e+01
4.267733140499181843e+01
4.021489687227108334e+01
4.473558628486079414e+01
5.968947383145098229e+01
4.212235239049697810e+01
4.346672388336434523e+01
7.899409308513985195e+01
7.367934012512867525e+01
4.713436426443087157e+01
6.312671969227488233e+01
6.012231278701680992e+01
5.025269856566301740e+01
4.285313069929294727e+01
5.717759995476525603e+01
5.849162597217777915e+01
6.307821022780641584e+01
6.023742336826475707e+01
4.943278751249631853e+01
5.919556583651660731e+01
7.000193900058806662e+01
6.950673407297651352e+01
7.095553267615986215e+01
4.393212388290251624e+01
7.031347419458776926e+01
4.276953433548487027e+01
4.559588964963923274e+01
4.395340412886488934e+01
6.837702297487170711e+01
4.337125402634566740e+01
5.535373713270828233e+01
6.522252645131540305e+01
6.404199536421408823e+01
7.003887674176762346e+01
5.859513632398198979e+01
6.431801322946418509e+01
4.865502882963473041e+01
6.292459226126900518e+01
5.699020000754811122e+01
6.157459894558699176e+01
4.502523964088078401e+01
4.854767996484086723e+01
4.490995548708714580e+01
6.428786573756492828e+01
4.272600128821463272e+01
6.277920037291033850e+01
5.343945878184753440e+01
7.703553831689265508e+01
4.452566542259789628e+01
5.639045906973169764e+01
7.189600497244839516e+01
7.103692871841519718e+01
4.553558628486079840e+01
6.859001403947893039e+01
6.573343032666971908e+01
6.649531489680281027e+01
7.006589089618259436e+01
6.775205547306191534e+01
6.631982982423663486e+01
7.413572766692021787e+01
7.248058266021716634e+01
7.090188419614794668e+01
7.268934423991223071e+01
6.858003034652018925e+01
6.894189058865370612e+01
6.327668093730350307e+01
6.942907373926647097e+01
7.005642437930646338e+01
9.121659247940378634e+01
7.747748518821146035e+01
8.464250446390843763e+01
8.278209432412315039e+01
7.030536020472004566e+01
7.703646369957101570e+01
7.804456441310455261e+01
7.768080190273697383e+01
7.357784480957108997e+01
7.652524699172894884e+01
8.760686938124737821e+01
