6.930149054017361721e+01
6.892641308757274032e+01
4.119064251094975759e+01
4.278971660616673489e+01
6.438834980194478419e+01
7.749926915407937145e+01
8.240295199791879099e+01
5.004246745747559544e+01
4.878566880917716730e+01
4.119064251094975759e+01
6.449973713476340720e+01
6.196549939047472577e+01
6.785048397058396574e+01
6.948234249912258065e+01
7.145796986789827088e+01
6.766637622521162143e+01
1.313085046060044192e+02
4.343451520474239658e+01
4.343451520474239658e+01
6.585864178063715713e+01
7.034176760721088328e+01
7.219518469982145348e+01
4.210637064149810271e+01
4.060717341540122050e+01
6.325993802809065158e+01
4.058132472108478339e+01
6.175266622035471187e+01
6.494027045603131398e+01
5.611697652463245589e+01
5.499979075096624825e+01
4.113620012644406643e+01
4.109017977812845146e+01
6.154241985435020723e+01
7.690588447823809304e+01
6.996579703847983467e+01
5.589274532950836516e+01
6.367004457500456738e+01
6.754983057129173574e+01
5.975093206659403933e+01
6.497473097782604157e+01
6.764457567923389547e+01
7.067700952238894274e+01
7.063108836440646598e+01
6.841460275020746451e+01
6.498454161289318165e+01
7.033348910762997264e+01
7.005717987256097956e+01
7.542749713974252757e+01
7.365669112185075562e+01
6.813570008962763325e+01
7.119354955603425594e+01
7.050997250204677869e+01
6.916096151754692301e+01
4.330571763638928928e+01
6.788616628650243001e+01
5.987792046461415651e+01
4.597334176768649172e+01
4.119064251094975759e+01
6.270465066502655560e+01
5.248791450350928045e+01
6.203049854054396661e+01
4.124824982618081037e+01
5.747975658927367704e+01
5.507242157534973614e+01
4.060717341540122050e+01
4.113620012644406643e+01
6.547518809721346145e+01
6.985100398390821397e+01
4.738426536195409255e+01
5.693113731253164644e+01
7.001648467165927059e+01
7.111698507976336714e+01
6.877279089203422302e+01
7.176890634624113829e+01
6.141409097270816630e+01
6.446132430367561028e+01
6.710055325691584471e+01
6.968369718093101994e+01
6.642446666740380579e+01
7.827867148900867278e+01
7.207326541333013381e+01
7.158761387117283448e+01
5.596723273307510738e+01
4.113620012644406643e+01
6.893031312402014521e+01
6.185773745419450620e+01
6.104317829663247608e+01
6.291981425489974100e+01
6.611228884874223866e+01
6.037425187419941608e+01
5.319638501659012775e+01
6.003122720154740932e+01
6.703884874339570388e+01
6.336850397606804819e+01
7.318514238817661521e+01
6.151084953994791249e+01
6.782211339934134742e+01
6.672181051399444129e+01
6.819681055328544517e+01
6.836202726855283629e+01
6.940631293256556944e+01
6.775837864982707970e+01
7.010279015595224905e+01
7.233803153804134922e+01
6.989644731005954270e+01
5.230340619615085984e+01
5.304409670781502939e+01
6.563055032858082427e+01
6.709286743779126994e+01
6.665273626420760422e+01
6.661866127026901552e+01
6.741497667493526080e+01
6.891419004441362972e+01
7.295937835410732930e+01
7.061205222633105905e+01
6.422288820027803524e+01
5.529990353609026954e+01
4.058132472108478339e+01
5.035080737532548056e+01
7.019186401786957674e+01
6.108373361993367467e+01
7.265820304965072296e+01
5.889251842137872472e+01
5.603785011446909436e+01
6.427052143596421274e+01
6.670665813509945963e+01
6.525764790514253377e+01
6.632502727632095230e+01
6.720873969714794782e+01
6.532800584996728332e+01
6.369461402747609213e+01
5.998781188544189291e+01
6.738580114160289725e+01
5.534712925099347558e+01
6.405346926400267193e+01
7.517353528302466259e+01
6.623887709862016493e+01
6.582055899900248619e+01
6.391132621540594272e+01
7.227982702032586815e+01
7.346779891135112450e+01
6.173260141112861987e+01
6.443119070301418105e+01
6.953174706224619683e+01
8.626412765177360598e+01
6.594894909196638366e+01
7.826452142191189409e+01
7.103905996669732303e+01
8.050687073810817651e+01
6.752678326491536609e+01
6.822820211559583470e+01
6.852745362881942981e+01
6.880901845808270423e+01
6.534533863690771227e+01
7.137274333982942665e+01
6.760328779432637702e+01
6.574029830545578079e+01
6.564026778883612678e+01
6.962013477379551318e+01
6.358513888027475502e+01
6.573255041131598375e+01
5.595996428459859118e+01
6.091675632777843674e+01
7.185398556597037611e+01
7.330185917638956994e+01
6.845487233164233487e+01
8.105637169407410170e+01
9.049527408629735703e+01
7.426850946128959663e+01
8.643739240133636770e+01
8.288329161768993458e+01
7.712648991060567027e+01
7.115073714806172234e+01
7.786735848407050753e+01
6.653472929457048224e+01
7.176741045157666576e+01
8.927085428998414329e+01
8.871659883407349412e+01
8.709328483331667314e+01
1.403988847027974884e+02
4.659030807931371498e+01
6.061231833505051014e+01
5.718860187220800384e+01
5.698492745600333365e+01
5.153374462442785386e+01
6.607467792281570951e+01
6.726224897059928765e+01
5.761238782555044224e+01
6.623875315012892884e+01
5.724530033522585626e+01
7.463191321504035614e+01
6.764010031434075643e+01
6.183792702932213814e+01
6.183792702932213814e+01
6.421337443423756497e+01
6.023777739632780026e+01
4.724865830633310537e+01
6.069961869518400022e+01
6.989692283682103380e+01
7.076410351155931266e+01
7.214797983036390860e+01
6.643382381225109157e+01
6.564561359367390025e+01
6.543053374010997914e+01
6.491204856398753975e+01
6.389044369023044112e+01
6.991946143930644553e+01
6.094148666647537027e+01
7.836014601177978989e+01
4.500120924379855580e+01
6.652430341251600510e+01
7.047550583276373004e+01
5.703657830081530733e+01
5.585217738163387224e+01
5.289851612295424843e+01
5.348599491123732719e+01
4.668111638226966420e+01
6.179193224512054883e+01
6.996287387987572970e+01
5.694710799437572746e+01
6.125841698933609791e+01
5.546230990886957812e+01
6.206719728506249112e+01
4.880330586031404039e+01
6.758142863426429869e+01
6.591477941722564537e+01
7.258937787064196812e+01
6.533313367690269047e+01
6.934389801081667315e+01
5.643811422938703970e+01
5.643811422938703970e+01
6.630672668515015289e+01
6.541970743355972218e+01
6.864539813214564390e+01
6.372622499278426744e+01
6.102404439624919519e+01
6.637761387609025121e+01
6.689253423955624100e+01
6.810995760327516280e+01
6.099181147421859350e+01
7.440664787546383252e+01
6.904549980275366750e+01
7.242145525390834848e+01
6.700021528385030933e+01
6.936171016358161978e+01
7.033633733595866033e+01
7.340749523749374816e+01
5.377732586279216065e+01
6.633890192510243367e+01
6.954805292371823100e+01
6.145939445487518071e+01
7.467380362079036615e+01
7.365669112185075562e+01
7.017184939721801129e+01
7.017184939721801129e+01
7.017184939721801129e+01
6.183792702932213814e+01
7.198926611348305471e+01
6.759754746268322378e+01
7.044818084730901830e+01
6.647336417586754465e+01
6.240736333729143581e+01
6.939898442792714661e+01
6.877671180506592918e+01
6.944840976106006281e+01
7.297160101487538952e+01
6.468296184924841441e+01
6.581612499070349998e+01
7.180888146871853905e+01
6.429868691504400147e+01
6.922170793301096126e+01
7.588658306811916532e+01
7.525724720231733045e+01
7.338680632541714033e+01
6.759529940396434711e+01
6.609691615423744793e+01
7.099275561233359610e+01
7.036403097788388550e+01
7.689802785235286819e+01
6.605943811615682648e+01
7.196954117094117009e+01
7.414682115294468190e+01
7.278043230888988546e+01
6.794254322431777382e+01
7.762874934510925584e+01
7.728529218202464790e+01
7.927702746846443915e+01
7.981444997953401810e+01
8.879114057479993960e+01
9.883704603692734736e+01
1.024680573996941746e+02
7.977285817981380944e+01
6.973498689621220592e+01
7.411843981233674583e+01
7.264498260147144038e+01
7.310284698340888099e+01
5.434070310646634283e+01
5.681085724433363282e+01
5.652403298398076004e+01
5.652403298398076004e+01
6.621310172220161405e+01
5.919339769603302415e+01
6.418260515966730395e+01
7.057805644905931786e+01
6.699236838181109022e+01
6.646512515525527931e+01
6.263668295814406406e+01
6.476975482774126647e+01
6.771279731597159923e+01
6.658764261653548999e+01
7.193531751699617871e+01
6.248897331725139992e+01
6.990796672028307057e+01
7.359324761700554518e+01
6.779036673738993102e+01
7.345313218468221805e+01
8.341143825973873049e+01
7.167376420385082270e+01
5.533310819897544519e+01
6.074358846417965196e+01
5.400269114909906421e+01
6.470868220076039279e+01
5.145256080514238306e+01
6.433287763574476514e+01
6.065109556926932299e+01
6.865002315926804499e+01
7.511588644685339489e+01
7.453104982313453775e+01
7.330781144336832256e+01
6.209489200241164042e+01
6.259937999382574958e+01
6.820022821457564532e+01
6.142387219180371005e+01
7.114954628939665326e+01
7.028579909414902716e+01
7.626225319064968744e+01
6.965825387786321699e+01
7.145321448717291446e+01
7.274505755496468851e+01
6.575321123127456246e+01
7.064592118212999594e+01
7.113982314547669716e+01
6.223780767379870582e+01
6.693381069206374434e+01
7.051056829984719343e+01
7.293283782037110541e+01
7.009480044906069907e+01
7.730137990744393051e+01
7.218355279405346892e+01
6.910622233227903166e+01
6.202817082549986338e+01
5.482922978929207147e+01
6.153831967024789407e+01
6.423074494647859467e+01
6.740525624778072711e+01
6.451245171435338932e+01
7.255836422464520297e+01
8.272348238138010856e+01
7.259651798801276357e+01
7.063546395269091249e+01
6.253570649584799668e+01
7.121710270076407312e+01
7.475055142200820057e+01
6.761864559932763541e+01
7.899488903022543695e+01
7.185949824015739296e+01
6.622255860836915531e+01
7.133085910246514061e+01
7.082690155490354300e+01
7.607522567827668070e+01
7.741950966954917135e+01
7.549227002524099817e+01
7.503982743778512088e+01
6.647793832145325155e+01
8.272714090223750816e+01
6.953545878055001594e+01
7.132541115718990454e+01
7.634409738049872374e+01
8.356949339137405275e+01
7.213011970280849994e+01
5.900295245890715989e+01
6.928156399302756085e+01
6.041657980625757318e+01
7.016146650046620437e+01
5.797747937963882947e+01
6.690275521502204015e+01
7.155729273160244475e+01
7.814870568549847007e+01
7.444521363162346006e+01
7.420593226328642800e+01
7.577707745793460958e+01
6.293968283458371360e+01
7.094099447492963861e+01
6.667299207670009764e+01
6.978195306990977542e+01
6.960055226681383544e+01
7.306909618091840741e+01
7.005148801309358930e+01
7.287475855806897584e+01
7.233488474495055698e+01
7.101976282288993048e+01
7.953042896436591036e+01
8.234178167287157635e+01
7.013385600517575824e+01
7.205073284025031910e+01
6.785284226592199275e+01
6.215356049333831123e+01
7.030397742704222708e+01
6.552919272269036810e+01
7.228096703138140811e+01
7.625023515775011163e+01
6.549371334634014374e+01
6.934300426444264076e+01
7.159863717335295519e+01
7.758979426369508303e+01
6.653023239105931452e+01
7.519136463247291147e+01
7.291376822232602706e+01
7.325891573911184196e+01
7.858491620285393253e+01
8.384709254894869446e+01
7.709613089173784317e+01
7.312172864300652009e+01
7.273388564445862414e+01
7.604090963902757494e+01
7.416683153973062304e+01
7.850511330000404087e+01
7.346084698757297815e+01
7.198585509171635977e+01
6.710058135570932336e+01
6.472804213093391468e+01
7.179277735725423781e+01
7.110264326125945900e+01
8.772914209839143496e+01
6.967674906862779949e+01
6.993239469669769903e+01
7.418990854666884616e+01
8.099549704905899716e+01
8.082848526630000663e+01
6.804452911030915629e+01
8.515456875943111470e+01
1.322880542125522823e+02
1.245635183400494128e+02
1.151742980825414406e+02
9.435517487083112087e+01
1.044303871380696194e+02
7.096347713518196088e+01
7.096347713518196088e+01
7.096347713518196088e+01
7.072092394369259694e+01
7.045268864957495225e+01
5.654250740158619237e+01
5.748869853707169852e+01
5.399741563863189953e+01
4.256335592909908883e+01
4.573592607269142718e+01
6.369825781847384860e+01
4.195158784147588449e+01
4.195158784147588449e+01
5.016223617069270801e+01
7.218809261982433156e+01
6.258507785974709492e+01
6.904001246408377312e+01
6.586839105007703665e+01
7.143318707273799362e+01
6.731044054313663594e+01
7.233481141657863134e+01
7.052874359786048331e+01
6.644958750003291925e+01
6.899278273266843087e+01
7.094133972563420798e+01
6.907975608948115109e+01
7.518267688278855587e+01
7.740959641052951667e+01
8.569442982068005676e+01
7.565264763500344714e+01
7.826452142191189409e+01
1.150783674266517380e+02
7.105306731195781822e+01
7.249265062890978584e+01
4.113620012644406643e+01
6.966020008108995398e+01
4.542813425812060046e+01
4.569720332620069314e+01
7.028152586864462137e+01
4.351939290175636188e+01
7.128117955997880983e+01
6.902128398380685326e+01
8.551853482538365370e+01
7.570680472848948739e+01
5.427320956697656840e+01
6.980751757822380910e+01
4.058132472108478339e+01
4.133468727824978828e+01
6.968379509822467810e+01
4.633935841665235245e+01
4.678793752571533560e+01
1.291669428440802108e+02
7.169693223081821998e+01
6.165036301680272857e+01
4.780781145084039707e+01
6.710172135501581181e+01
4.175308495769118622e+01
6.720162863807792064e+01
7.096328491487058443e+01
6.171282159528466593e+01
4.234536989535006057e+01
4.205352018056737506e+01
4.538328319997783922e+01
4.058132472108478339e+01
4.124824982618081037e+01
4.078428057783122540e+01
4.113620012644406643e+01
5.953751269453843520e+01
4.128360695102475120e+01
4.152218606008773349e+01
5.914301412955799009e+01
7.933910582305729520e+01
7.462649888557403699e+01
6.402502365019802255e+01
6.470293865006398448e+01
4.963922955366138723e+01
4.083873623289596111e+01
6.075203804909374128e+01
5.269786706046096469e+01
5.797521213017763841e+01
6.171729147067792098e+01
6.318675630372906937e+01
5.919339769603302415e+01
5.472582989368959261e+01
5.471819914994344458e+01
7.096415259966060773e+01
7.189133561471921041e+01
7.072896674370498715e+01
4.089762101738108413e+01
4.119064251094975759e+01
4.058132472108478339e+01
4.060717341540122050e+01
4.359366190667934404e+01
4.340187179034828091e+01
6.264479435665501228e+01
4.081990383014776569e+01
6.009560056561984709e+01
6.568952514323683545e+01
5.539258993535760567e+01
7.083482259305728235e+01
5.551565440020400644e+01
6.488186105649067770e+01
5.415727778833634432e+01
6.122753790182468947e+01
6.458967570575258321e+01
5.113059248362319664e+01
6.094148666647537027e+01
4.678793752571533560e+01
4.517925941733641793e+01
6.350083373849069801e+01
4.119064251094975759e+01
5.927752269521526074e+01
5.663400249707340350e+01
7.233248143584708600e+01
4.509354257713189895e+01
6.954708653164659893e+01
5.789350656459721023e+01
6.627822384155130919e+01
4.113620012644406643e+01
6.887126482231137459e+01
6.422451693487526825e+01
7.041495967318336113e+01
6.037625490993689681e+01
6.939537345145748759e+01
6.882004928105385488e+01
7.546351807011777169e+01
6.928852674658438104e+01
7.232945256185233518e+01
6.838285418230755397e+01
6.944513899053171713e+01
6.946471943751460287e+01
6.499508182313758198e+01
6.999706848669053727e+01
9.167832912199372686e+01
7.550692828159706949e+01
8.870438390258092909e+01
7.544115682481475460e+01
8.850327152753368409e+01
8.905673739805324374e+01
8.044549454214001116e+01
8.189523889844582527e+01
7.909465299488824996e+01
7.327286517697976365e+01
8.096214353802290020e+01
8.358176518846208580e+01
