-1.072509791752358360e-01 -2.001799355987182727e-01 -1.120079018805929527e-01 6.310973072463106626e-02 -7.551669063556139261e-02
2.704602285327706301e-03 1.847626403188328686e-02 -1.102716851645407226e-01 -1.021742661364570710e-02 1.009767078021123338e-01
2.349586530076520907e-02 7.528306956723318510e-02 -1.085769350759556717e-01 -2.961535041128625367e-02 1.438144788924730633e-01
-1.390738704210255083e-03 1.988871251879597429e-02 -9.702008474085176137e-02 -9.377495063973640202e-03 9.251025321399761192e-02
9.973842176679875715e-03 1.820562334995697723e-02 9.184048488461810100e-02 1.697822979590422193e-02 -1.789105949519104524e-02
6.081188275853059710e-02 1.673653396106516977e-01 -7.186882059173639592e-02 -2.133116810683158976e-02 2.412899742511318696e-02
1.530599837024058940e-02 5.536366349685350324e-02 -1.104560043197426872e-01 -2.246536694458851902e-02 1.291742920319787491e-01
1.172664107602423844e-03 2.559805728798001528e-02 -1.053448437119066244e-01 -1.153305291816003088e-02 9.972811273057236026e-02
6.622081594392301152e-04 2.596306047284033941e-02 -9.325024230988918084e-02 -9.908742633839387123e-03 9.250144920737159160e-02
5.191846844927287818e-02 1.235017229622057955e-01 -1.105842280787878995e-01 -4.617183809989965082e-02 1.853910574138922795e-01
-5.953097012988399495e-03 1.751784354392123960e-02 -1.043602872906904400e-01 -8.667715927497458492e-03 9.301912905710915669e-02
6.281840433952476377e-02 1.256077042466799132e-01 -1.138210815787047137e-01 -4.788287663583491033e-02 1.968064082000926529e-01
-1.118787530000836528e-01 -2.075213613363397214e-01 -1.032374552730600248e-01 6.860569256047857611e-02 -8.682716507688392760e-02
-1.007857747118887370e-01 -1.866461355696337476e-01 -1.011566872469591982e-01 6.167879242043509264e-02 -7.161648219739728816e-02
1.967164934381308156e-02 5.651416565536652309e-02 -1.115366837229401636e-01 -2.299021943111007743e-02 1.329233476075643017e-01
6.715977356413466159e-03 4.016300814255233803e-02 -6.734148185613675341e-02 -1.146216093974475152e-02 8.657975789425494118e-02
4.021662413329520069e-02 1.075887827845036226e-01 -1.091917119892898969e-01 -4.082796299139835466e-02 1.702414621640387926e-01
4.780966237617563508e-02 7.629170198062193431e-02 -1.099578196382092754e-01 -3.166740522296236648e-02 1.594833549207198831e-01
4.181626301507888888e-02 1.088946720657986700e-01 -1.073524322485843591e-01 -4.025906649390490616e-02 1.680293660644169851e-01
-9.529979264043637877e-02 -1.722059574821219741e-01 -7.345500461151906191e-02 5.259300087904927173e-02 -9.061961113942752777e-02
1.976025173972096455e-02 6.594924908243904316e-02 -1.104560043197426872e-01 -2.611752743790575482e-02 1.374199368027509693e-01
-7.230697527712758033e-02 -1.273270566267685200e-01 -9.474472126930386096e-02 4.343504431498408647e-02 -2.842485094042057972e-02
8.372500944037790382e-03 3.784358642491562202e-02 -1.015454441255248530e-01 -1.947610388425946581e-02 1.030443310456026218e-01
3.570994006263526754e-02 1.063347821559008921e-01 -1.117429642489123631e-01 -4.082830172113371958e-02 1.699108766528521219e-01
-8.385288919335714963e-02 -1.444658437783480076e-01 -1.042036219432260352e-01 4.709769635723097536e-02 -3.828875295720243765e-02
2.297988089748603802e-02 7.568251498791353504e-02 -1.096139664898598265e-01 -2.889580887372896617e-02 1.427958413293747009e-01
3.612858835749500896e-02 7.300188764896820004e-02 -1.106459042410070093e-01 -2.945486507913832458e-02 1.518249647297091331e-01
-9.480236070803119142e-02 -1.734104259534090531e-01 -1.052634819895343632e-01 5.751141346154975409e-02 -5.986415467814094893e-02
3.697605575745453732e-02 9.851054639711126493e-02 -1.056134501515059304e-01 -3.603932307386342043e-02 1.575304480735029711e-01
7.144101766152317901e-02 1.041714837785559511e-01 4.007625815501862920e-01 -1.930567414045967350e-02 -2.261314639552570172e-01
-7.608286269944727898e-02 -1.606978553077725580e-01 -1.104249096766070914e-01 2.974775053288500337e-02 -7.286058929695844733e-02
5.379748421141528070e-02 1.268480518455391837e-01 -1.114263371842614953e-01 -4.729095146059412308e-02 1.888510194407662934e-01
-6.974870474140509868e-02 -1.403299698728102674e-01 -9.020493611505207843e-02 4.001425413384630814e-02 -5.007528842141663328e-02
3.139689399195566555e-03 1.702265712728501940e-02 -9.760761513621260543e-02 -8.766797163525229600e-03 8.277550727981068668e-02
-1.187199026755705183e-01 -2.213471608884818587e-01 -1.123368498315383129e-01 7.240460499748424539e-02 -9.239509706988306703e-02
3.993120870327773742e-02 1.042124292788405848e-01 -1.068748595193021178e-01 -3.886923534450514861e-02 1.641569944008500759e-01
4.574117320114609586e-02 1.156423766599478375e-01 -1.097646615499839468e-01 -4.352512366649587128e-02 1.785218119706973583e-01
2.970961810150946764e-02 8.402003785528150415e-02 -1.040231190055548316e-01 -3.141385417709886135e-02 1.456585205577407838e-01
1.672250542340024404e-02 5.970431694955716934e-02 -1.112407923080811628e-01 -2.388330647730761008e-02 1.332214701045742744e-01
-1.623220770067462446e-02 -1.076783708094305320e-02 -9.876310570067696470e-02 2.044243291233382304e-03 6.942392844355146919e-02
-3.784145177125620291e-02 -6.051214963132732494e-02 -8.732011075651255338e-02 2.064089696169182225e-02 1.876152884567797857e-02
1.552781636717745495e-02 -3.005799582614912882e-02 -1.117333857688569826e-01 -2.287271820286006230e-02 5.812476816677172864e-02
4.475452281843655955e-02 1.069330001839479960e-01 -1.127163256881731357e-01 -4.587201179871548684e-02 1.683611698809856227e-01
-5.256538204595744695e-02 -7.556457726332942160e-02 -1.075713662507814666e-01 2.147974451630943124e-02 1.954581204591677307e-02
-5.986556145326712985e-04 2.273233250565604574e-02 -1.088321904502400628e-01 -1.049520154288322883e-02 9.482734960711676486e-02
2.634636718586048226e-02 1.010579514128905620e-01 -1.126936774854601087e-01 -4.032907703395650911e-02 1.644398957408996498e-01
-1.025514084391369735e-01 -1.840568429786617610e-01 -1.013934816526777666e-01 6.205799059709937726e-02 -7.001896328150039595e-02
3.700817056728367138e-03 2.821627098829187358e-02 -8.445178895780122708e-02 -9.398516620576084432e-03 9.109659210100733151e-02
2.164556236464652145e-02 6.832536048928991579e-02 -1.008172579899584420e-01 -2.605655540865614572e-02 1.335429521786564711e-01
1.829468106670817384e-02 6.485697272487456200e-02 -1.069673190364727189e-01 -2.504792502803727255e-02 1.320262546616902399e-01
5.098764265908245497e-02 1.280958936608004306e-01 -1.120932838792456920e-01 -4.822357272613327084e-02 1.898240287167084206e-01
-8.431219274163193056e-02 -1.830606269861028146e-01 -1.108244693263831654e-01 4.023694412941321297e-02 -7.584643141967388480e-02
-6.250290084605249208e-02 -1.076761828321251280e-01 -8.676288402676747558e-02 3.722058424721614439e-02 -1.743946936272532458e-02
4.268718096367311865e-02 8.241708330798022675e-02 -1.114898308040190994e-01 -3.372274542184090090e-02 1.614782209335770824e-01
-1.130624478868489935e-01 -2.084483188225301209e-01 -1.118282851219658536e-01 6.790110531469024935e-02 -8.278139177747224908e-02
-8.823949169514937185e-02 -1.726681935953846836e-01 -1.094351868351022689e-01 5.145744683674363662e-02 -6.831102969940533454e-02
-5.064204999472707303e-02 -7.975707930140968349e-02 -1.030415574790777000e-01 2.528326254147738456e-02 1.431801005329780795e-02
-7.899383749730781723e-02 -1.554836452499645250e-01 -9.938524097602007001e-02 4.256291806652804516e-02 -4.437076765677810952e-02
2.568725989213418298e-02 8.489912105847047252e-02 -1.120750098110347703e-01 -3.317659341088281116e-02 1.527366749114506816e-01
3.236563801128122808e-02 8.356157851682688431e-02 -7.177497931307769141e-02 -2.754633728589201552e-02 1.310437857902635173e-01
3.725683388925780937e-02 9.231733846338255334e-02 -9.270355642902669557e-02 -3.297290037857781436e-02 1.502395154417470180e-01
6.326623548352688919e-02 1.025372864913766113e-01 -8.906179965585771241e-02 -4.060897524805522074e-02 1.339903138985352737e-01
3.207078306736972639e-02 8.523291101488444932e-02 -1.092874045200719624e-01 -3.176285481831322977e-02 1.508539127855750006e-01
-3.012420327495217084e-02 -5.433392617240288824e-02 -1.125126993975642253e-01 -3.562591501356821011e-03 2.823298656894666220e-02
1.674125217343166994e-02 5.463889992196176854e-02 -1.073322181412066922e-01 -2.129543270618768774e-02 1.243403742288495956e-01
3.310226151860472255e-02 8.829323486625936801e-02 -1.087171082997124283e-01 -3.275250370708063241e-02 1.527531518599258564e-01
2.179769228232415063e-02 6.691731181275123452e-02 -1.089771892230555483e-01 -2.864507489026597853e-02 1.362449397704844634e-01
2.740956019300919144e-02 8.140676467875712641e-02 -1.110035874369456471e-01 -3.157216455659803828e-02 1.504760299628817299e-01
2.929732210478778326e-02 8.939482092323150497e-02 -1.127931533637838157e-01 -3.582792677411719695e-02 1.574616633796953602e-01
2.493795000283612756e-02 7.340539298511777888e-02 -1.099231246543731777e-01 -3.128335548219178530e-02 1.425898540779900470e-01
-6.904345659774768773e-03 7.537089902397813013e-03 -5.851631196543069513e-02 7.426930062045099951e-04 6.031863852157694217e-02
-1.145431167525371302e-01 -2.163355109727096437e-01 -1.134564745482584958e-01 7.050850558942636792e-02 -8.741207772780201779e-02
6.819256595056694126e-02 1.367659664407750164e-01 -1.117014941132995626e-01 -4.405369508342758811e-02 1.636125275968673132e-01
5.051051723755478617e-02 1.215415703171346395e-01 -1.125582204513277396e-01 -4.663150952525434850e-02 1.860384589414023071e-01
4.726468284603060899e-02 8.723495185615356973e-02 -1.111228290403311753e-01 -3.502504592678302997e-02 1.642429991149728374e-01
4.524931254367760280e-02 1.067675930534810469e-01 -1.118208377679398013e-01 -4.061509632161532102e-02 1.749541660150475686e-01
3.401722502059278952e-02 9.737557893094161976e-02 -9.803589363098993981e-02 -3.522560646675933910e-02 1.530055553237442689e-01
3.983289852832094802e-02 8.909705402932985296e-02 -9.857688398547384545e-02 -3.201433693987257995e-02 1.463037032382533131e-01
1.306273903572279793e-01 1.057588981323145105e-01 -1.091796042426585733e-01 -1.583033875178619515e-02 -9.310534884175075687e-03
2.892208327026302150e-02 9.742509417821576534e-02 -9.055717543225125232e-02 -3.373122032536269438e-02 1.476468619571048024e-01
4.350124575678852856e-02 1.070431072589650145e-01 -1.022028312128315519e-01 -3.919360723577516858e-02 1.675088932335777603e-01
4.197532454245833655e-02 1.035881358561594745e-01 -1.101603954101272043e-01 -3.922726379147437048e-02 1.691622123303771486e-01
-7.932849147681511615e-03 5.222841244242363429e-02 2.578646474866870264e-01 2.938433819286050130e-02 -1.249095214930292519e-01
-4.520960124655130918e-02 -8.248419546381580147e-02 -9.459957871118870876e-02 1.628748946841731410e-02 4.667895485154366364e-03
-2.831988271519334660e-02 -3.660468999959703984e-02 -1.066939182826950744e-01 9.148422610558301638e-03 5.424782517296751483e-02
7.187957185170519570e-03 3.718079455395360139e-02 -8.265338067766821173e-02 -2.592319619672304315e-02 7.968664615702515663e-02
3.491019402919608161e-02 9.465936772287925072e-02 -1.053393841917582008e-01 -3.501432544649357020e-02 1.552319982044627067e-01
-1.072695116288844008e-01 -1.966914877503778969e-01 -1.026029410138603604e-01 6.486413525001782920e-02 -7.933211722295717416e-02
2.501603532305141792e-02 8.022288641146607668e-02 -1.034442617383869167e-01 -3.014248475589270670e-02 1.445360167428474119e-01
1.606080143853481634e-01 3.307554668190958863e-02 -1.049863621170291639e-01 -2.523944803714999741e-01 -1.928668024795155422e-01
2.427049169672484963e-03 3.119677979427114972e-02 -1.033776885404500967e-01 -1.277043893661538969e-02 1.012917232432391790e-01
-5.140270700383835906e-02 -6.919144516371289466e-02 -3.842877401233961432e-02 3.063976736539435197e-02 -2.032486368129743717e-02
-1.107602625602615784e-02 -7.477324827994263901e-03 -9.832659441705783598e-02 6.116474493900077303e-04 7.303498273773852134e-02
-9.670384344458175796e-02 -1.852328209271425496e-01 -1.118804521586262285e-01 5.156704780773493230e-02 -7.476508357438879648e-02
2.772735663912739151e-02 7.419250165795671093e-02 -1.067125028963690214e-01 -2.810161408251088400e-02 1.421763498643016377e-01
-1.903578116205736914e-02 -1.335339785191777540e-03 -1.095590560509000500e-01 -2.715851094167777771e-03 7.854868538745982121e-02
-1.898001170703381840e-03 2.450755318527272214e-02 -9.433656411696465793e-02 -9.096216365990094851e-03 9.091575115459427092e-02
-2.238667244173103352e-02 -4.455991904150960470e-02 -1.074870026545298590e-01 7.830903234719398601e-03 5.488719633810058840e-02
-2.320110593605877874e-02 -8.942002942142708577e-03 -9.723669665465364820e-02 -1.596554868996253457e-03 6.833813708040434309e-02
-8.361950230784701010e-02 -1.451018652753709171e-01 -1.040545853195064541e-01 4.733697726454780957e-02 -3.847551197253770705e-02
1.044969908919821111e-04 2.618319297897039183e-02 -1.040664726462207645e-01 -1.092166635375923546e-02 9.334119779876595691e-02
4.654817677324829539e-02 1.200653750917455020e-01 -1.111639234601309312e-01 -4.503937450317255925e-02 1.817491601827523895e-01
-2.767088521753895136e-02 -9.450122422940299138e-03 -8.971745164423211572e-02 -1.505922922925433810e-03 6.079675734738959614e-02
-9.559651732356972548e-03 6.621027861309795870e-03 -9.996333564922227355e-02 -5.307344740230523009e-03 8.161879935737959002e-02
1.698799797443953374e-02 3.970364108448592305e-02 -9.176285523872519667e-02 -1.602617980818549920e-02 1.081452095493790899e-01
1.056214092624346151e-02 2.331771414833427175e-02 -8.869391122688276285e-02 -1.454298527172629384e-02 8.669677075685096324e-02
4.276394212570687470e-02 1.158479093740538424e-01 -1.011412849733052677e-01 -4.211711706667523730e-02 1.715042082553870639e-01
-1.163133827416664712e-01 -2.180297349903465021e-01 -1.117963599351549653e-01 7.158911294126280023e-02 -9.062235552444662667e-02
-1.259053717254138838e-01 -2.362408072779768053e-01 -1.135709514767544448e-01 7.776059896904939650e-02 -1.044364105769942513e-01
-2.993660237108272670e-03 1.984980954127325142e-02 -9.799226230227195411e-02 -8.533440523903106437e-03 8.977303946339301732e-02
-9.415529177614428979e-02 -1.700044184188576890e-01 -9.517654551220093573e-02 5.702259248747093556e-02 -6.376715270181819439e-02
-8.965469361537437010e-02 -1.567736631915513934e-01 -9.954041848280088811e-02 5.060656155914843024e-02 -4.810045182514546824e-02
-4.180242392004838992e-02 -6.744065013965584721e-02 -1.107726623550978756e-01 5.683876685088191071e-03 1.228034100810823821e-02
-3.941518816089967236e-02 -9.307416582676175665e-02 -1.066298254141460483e-01 4.923187590049980106e-03 -1.343078566473366112e-02
-1.218292185676576531e-02 2.511427156254457393e-03 -1.069005711233703138e-01 -4.251473965220129922e-03 8.461619156382584050e-02
-9.308865433746796314e-02 -1.835818806090610544e-01 -1.135419373425648193e-01 5.006996803777295779e-02 -7.148810219092754936e-02
-9.791165356747658088e-02 -2.091131970840829080e-01 -1.005491966239664831e-01 4.557015970217374173e-02 -1.208757711475618446e-01
8.548092980108633332e-03 2.853584165986946392e-02 -9.863049884395536093e-02 -7.596361490981069428e-03 8.134803683201799474e-02
-2.919105021380602460e-02 -3.487452763148813500e-02 -9.060101036111418982e-02 1.152709328265476632e-02 4.091336773189440529e-02
4.876286389711413649e-02 1.205274710737765098e-01 -1.099811800310021292e-01 -4.502680410529926597e-02 1.822579914504569853e-01
-3.472590247003484731e-02 -4.239237509279515648e-02 -1.075866976444354167e-01 1.153742219516198757e-02 4.384858926287241165e-02
4.201127483356369152e-02 1.045503064988330399e-01 -1.077017811839956485e-01 -3.870316487510003928e-02 1.672713815771893764e-01
-4.249726832770682472e-02 -6.772791544586691248e-02 -1.093439725225993503e-01 1.864648438921835336e-02 2.721883199767959061e-02
-1.229125384979375402e-01 -2.293013748341825309e-01 -1.124007637269092280e-01 7.581069319831729159e-02 -9.912396197944087217e-02
-1.015715215845035407e-01 -2.009311296813187930e-01 -1.133830034794350988e-01 5.064736277807781878e-02 -7.130009113181363933e-02
5.568394461658369987e-02 1.052855066452112187e-01 -8.497292297492756163e-02 -3.573448632976296280e-02 1.474974236273758899e-01
5.228268581768041878e-02 1.239203977350952779e-01 -1.119505142590783708e-01 -4.655843300352809078e-02 1.874603935516031272e-01
-1.139867784834236453e-01 -2.112066495238662245e-01 -1.111491128938479483e-01 6.896893315922891787e-02 -8.488212671639649987e-02
5.008417229382379487e-02 1.196670947713068534e-01 -1.105842280787878995e-01 -4.483751756053713095e-02 1.822714301970667916e-01
-8.000201718658658812e-02 -1.528232710724377608e-01 -9.091697035593002130e-02 4.682773491709474323e-02 -5.610166798747133476e-02
-2.250964221638608945e-02 -2.308106187822345917e-02 -1.055044294941075850e-01 5.731609552055606446e-03 6.201247407990631566e-02
-5.267289372821190585e-02 -8.161811704711495474e-02 -1.054699576759034335e-01 2.499995812818784843e-02 1.382056953762015802e-02
-6.406699504675739121e-02 -1.067442793517912464e-01 -1.045671673661233980e-01 3.386338350769168420e-02 -6.565844078641584064e-03
7.783499443003022433e-03 4.153026233052960897e-02 -1.091019448033179462e-01 -1.690613332405393326e-02 1.154593247825245195e-01
-9.800247016023003188e-02 -1.777016803565331649e-01 -9.740397840164272125e-02 5.922641793269576432e-02 -6.714635238853555732e-02
-6.821574049575652998e-02 -1.089427708087768454e-01 -8.096352185628907794e-02 3.873277873718921488e-02 -2.421534863611879765e-02
-1.033443222376098924e-01 -1.924615949404795967e-01 -8.989805759609838243e-02 6.373348308163870324e-02 -9.286153529554697084e-02
1.496228021946165165e-02 8.052831401400994960e-02 -1.132653743974391114e-01 -3.533856776231204117e-02 1.474443415675632529e-01
-1.061484233749342698e-01 -1.919589366552351128e-01 -1.120423125420545868e-01 6.200815949640355040e-02 -7.006161305239573533e-02
-1.016748365896293499e-01 -1.834785156173217302e-01 -9.157905051939901897e-02 6.254811131923326828e-02 -7.544135356614700694e-02
1.259586325071893054e-02 4.225377552855667102e-02 -9.774556696831254721e-02 -1.617524345807353631e-02 1.134001703632016161e-01
2.806211775497161054e-02 8.542693627251957134e-02 -1.091447962576167774e-01 -3.169408036653859756e-02 1.489114864027299978e-01
-6.099117672113447963e-02 -1.071825909482102268e-01 -1.137432005259408074e-01 2.939699336706502741e-02 -4.901405883147594289e-03
-7.544533006218451243e-02 -1.300920864535312083e-01 -5.844213012214392183e-02 4.824346975807264348e-02 -5.358933616691866075e-02
6.826532418301289873e-02 9.076927431109607647e-02 -5.120263638574561182e-02 -1.405648018980269753e-01 2.313196243710382016e-01
-7.107529655253236323e-02 -1.431204848435982391e-01 -1.105595231437044856e-01 3.565053448344730064e-02 -3.318584152378480090e-02
-6.318439240871902285e-02 -1.045695375135407834e-01 -9.716250037004542373e-02 3.511852740510281595e-02 -1.092757462652229131e-02
-1.018019406858424250e-02 2.126806765305293279e-03 -9.616823286942630111e-02 -2.501171130507804166e-03 7.616095131537524432e-02
-5.240546193569326633e-02 -8.438897519887411658e-02 -1.049889874985673044e-01 2.670285077611957505e-02 1.243723872407499938e-02
-6.027996785438086147e-02 -1.581558150178736799e-01 -9.252028062454004109e-02 1.647029722634364701e-02 -8.006566585635023492e-02
-7.029249897573738859e-02 -1.270312042608968406e-01 -9.631611564860965979e-02 4.254055870083138513e-02 -3.549362923786972268e-02
4.088042861562125874e-02 1.131601153218713962e-01 -1.137024947103460332e-01 -4.390300112180186426e-02 1.786782999326884114e-01
-6.534786115294116682e-02 -1.113535863388402936e-01 -1.053974199529050387e-01 3.621390082638903385e-02 -1.052238379452562905e-02
-1.138880377708820918e-01 -2.105372566505090970e-01 -1.013267809090749733e-01 7.047594330967203724e-02 -9.056629083996264873e-02
-7.976809783336931414e-02 -1.414133932120288928e-01 -9.519278342826520412e-02 4.697415142157478074e-02 -3.969281805701010968e-02
-1.014257266638104588e-01 -1.927053866349230093e-01 -1.085808404249616055e-01 6.253342149181746745e-02 -7.870811593340211465e-02
-1.159558387698746834e-01 -2.148308807599937087e-01 -1.110273890243558548e-01 7.038604327491904122e-02 -8.912072771374426883e-02
-1.179311432046256797e-01 -2.197527557599937009e-01 -1.108711390243558581e-01 7.210092696744305196e-02 -9.299299419225846852e-02
-1.065092122662441854e-01 -1.964763325968809371e-01 -1.100381195174620075e-01 6.443360241577471281e-02 -7.442719482602704051e-02
-3.884035172942966463e-02 -5.475588157909514614e-02 -1.047705869785721389e-01 1.634605888099484317e-02 3.570100726613351094e-02
-1.107149019208202023e-01 -2.182392321067932184e-01 -1.100651230324860425e-01 6.770783674672364860e-02 -9.523630555510551043e-02
-7.732987221350287599e-02 -1.361430722267520932e-01 -1.128966344534152594e-01 3.776286715949823264e-02 -3.216506617497486009e-02
2.091186337440494036e-02 6.570834616900142477e-02 -9.342673995483616323e-02 -2.297093063801328855e-02 1.248127828544232376e-01
-6.708437247163301365e-02 -1.307362133198843868e-01 -1.115668542510170197e-01 4.103716073195218250e-02 -2.431048326311697691e-02
-4.253780868901303747e-02 -6.280440115800528522e-02 -1.032292679579897704e-01 1.698316381986470641e-02 2.803498968741865299e-02
-1.103335297951877486e-01 -2.171131274228017827e-01 -1.098567267775781564e-01 6.735234016838348436e-02 -9.454320674462537988e-02
2.619619165157277552e-02 7.712891506022684363e-02 -1.098948930507770705e-01 -3.021647792125628507e-02 1.477220917705900360e-01
-7.678851948334251831e-02 -1.356537912942024915e-01 -9.971088953145949840e-02 4.370928266341832930e-02 -3.670042719430857692e-02
-1.265445811315626945e-01 -2.377960167065269192e-01 -1.135155756461437709e-01 7.812388454460353349e-02 -1.054317447301620220e-01
-8.230038808708942111e-02 -1.771207393650983952e-01 -1.139679459127412586e-01 3.264876977872895741e-02 -8.684059037940870807e-02
-1.089390604092763393e-01 -2.180356247869260633e-01 -1.043887694572950831e-01 5.959408706615338530e-02 -1.115179585726823186e-01
1.672505568841100021e-01 7.501876005270430303e-02 -1.050989059555444138e-01 -2.425904278243344037e-01 -1.312216135404792872e-01
-7.777125206602869545e-02 -1.469214530133574892e-01 -1.093404439612682133e-01 4.814444502635968626e-02 -4.141027328763935422e-02
-8.612972981469052547e-02 -1.530818961144718438e-01 -1.006565661845652687e-01 5.021322741784213506e-02 -4.539056279830414042e-02
-3.260282285858975143e-02 -4.579787040071552767e-02 -1.091277708983939415e-01 1.305447648729307630e-02 4.758678751911007976e-02
-2.355776741592136014e-02 -6.508835455397657399e-02 -8.794386699712407329e-02 1.854947496830159498e-03 1.427194247135018385e-02
5.071881055392223336e-01 -1.962108800357871552e-01 -1.139765620074149471e-01 -5.800946784225463615e-01 -1.830168326382822508e-01
4.545942609489538044e-02 7.425776617746052133e-02 -7.027200710767474157e-02 -2.438172064421989527e-02 1.305503411763182797e-01
-1.243601801812142665e-01 -2.325884639704806356e-01 -1.045967460414711642e-01 7.759593096128393486e-02 -1.067706261184304534e-01
3.371402062125748722e-02 8.175825604704839433e-02 -1.119096394291975022e-01 -3.229252977319639617e-02 1.564363910840597949e-01
-8.440430477955090938e-02 -1.392772487103843548e-01 -7.132127780297409236e-02 5.040423417120477173e-02 -5.398168065411726446e-02
-1.132717148544687691e-01 -2.104800557167566255e-01 -1.101971400005678642e-01 6.894035898241199223e-02 -8.626019303836861274e-02
-9.843597903537099070e-02 -1.867472423808379522e-01 -1.130886036815657442e-01 5.678933734762506291e-02 -6.909452587262529533e-02
-2.713767802034189672e-02 -3.336267446099308587e-02 -1.095471119427939427e-01 8.425226271563959757e-03 5.771948629852348411e-02
-8.162026855557072413e-02 -1.478477452638694845e-01 -1.107114210991334002e-01 4.707109635670805869e-02 -5.018993494573409375e-02
-8.080010037630758202e-02 -1.460203245249665494e-01 -5.390448964740082033e-02 5.438742773998347241e-02 -7.900725126182234215e-02
-1.056194699125702768e-01 -2.197663300470891201e-01 -1.138434751528045602e-01 5.315191678130978814e-02 -1.169343706783537440e-01
-1.244673377432549966e-01 -2.303723271798238381e-01 -9.312895858479749989e-02 7.853783097107656930e-02 -1.133039392177604410e-01
-7.303292859632949663e-02 -1.263362335298438277e-01 -9.768497205545842443e-02 4.220643261152629694e-02 -2.557461545107360748e-02
1.218700679868261333e-02 4.605777685189520881e-02 -1.072184003369988370e-01 -1.830180523598783776e-02 1.194977427627171157e-01
4.800809837813405090e-03 5.372149879515016740e-02 -1.008747707286508505e-01 -2.778956471785978821e-02 1.145303114735709699e-01
-5.271170566071826935e-02 -8.340973778838127461e-02 -1.078974928023906654e-01 2.621229009258725651e-02 1.546257234293646129e-02
3.404518663042618853e-02 3.192751522288803795e-02 3.253952024912700747e-01 3.796315274839230647e-02 -1.308435457125164680e-01
-1.144042881538961803e-01 -2.227009526362562220e-01 -1.123202914378906014e-01 7.141028411775908469e-02 -1.035208728140317447e-01
-1.302341501893485298e-01 -2.455899917389552656e-01 -1.133350005765333818e-01 8.119625535712712838e-02 -1.120556107842250182e-01
-3.722793889323314231e-02 -5.502701195238519222e-02 -9.736936112917392305e-02 1.761049181371081296e-02 2.943011563127424790e-02
-1.235022717387083691e-01 -2.317969833160420934e-01 -1.127452995798556429e-01 7.382294943695920375e-02 -9.861623991569050396e-02
-1.276668720921464995e-01 -2.391051230991149135e-01 -1.133350005765333818e-01 7.895529315066295017e-02 -1.070087560430057205e-01
-3.367238207520320548e-02 -3.914909205916994317e-02 -7.986758867310496390e-02 1.477102107204901482e-02 3.272969199097906789e-02
-2.737742806660470665e-02 -1.232428481717323665e-02 9.260034939383474106e-02 2.935256460685869290e-02 -5.762775432930161701e-02
-1.020793084702439762e-01 -1.878774807532627156e-01 -1.106730665749349751e-01 6.030840389790325523e-02 -6.852659537430610959e-02
-8.393870091578364834e-02 -1.458394049050760199e-01 -1.085501832390196875e-01 4.646754937396697233e-02 -3.503982187380713653e-02
-8.255476001989381363e-02 -1.548596276983668918e-01 -1.078035882236103166e-01 4.538906426644476189e-02 -4.861410938951714333e-02
-1.235113466462187462e-02 -5.505429078271596721e-03 -9.789181662931556449e-02 3.669701348949852560e-04 7.325276754144889602e-02
-3.236878154992995499e-02 -1.900224170060303697e-02 -8.927300719978767396e-02 2.497125246322963107e-03 5.358812311965037434e-02
-1.262794150210811983e-01 -2.369626781347605182e-01 -1.086295352811684906e-01 7.877744343070373911e-02 -1.075028797303833050e-01
-1.049271810776427616e-01 -1.833778836404086343e-01 -7.022498905751052567e-02 6.518270166950372591e-02 -8.964293341079793143e-02
-5.969551762165532099e-03 7.725022408619879044e-03 -1.067813004143768757e-01 -5.685676218799970080e-03 8.979226751518556982e-02
-5.760762827304241607e-02 -9.374001245619575928e-02 -9.844869908845886586e-02 3.134769136546915191e-02 1.718028654943875091e-03
4.182754670232213812e-03 1.067174769894715242e-02 -5.952551358469303916e-02 -6.520466574366293178e-04 6.733109245537149956e-02
3.092733294984996439e-02 4.684675955452697466e-02 1.864096004741161161e-01 1.967014027729500902e-02 -4.703265629802912129e-02
4.583096632521425906e-03 2.241629363296433058e-02 -1.104210639153718337e-01 -1.119654361028700300e-02 1.057479360593205076e-01
5.332390859638777569e-02 1.206583710039348389e-01 -1.106607062779316197e-01 -4.530576853484542116e-02 1.850450865896873520e-01
-1.132103462809983807e-01 -2.049639223110505670e-01 -9.312103287500270166e-02 6.973279662506688681e-02 -9.424395923850918677e-02
-6.914788380155037495e-02 -1.691449045265336903e-01 -1.079428810465779265e-01 2.640455198773110357e-02 -6.742827832883749317e-02
-4.752524078019676468e-02 -8.162973979136083080e-02 -1.080143515614782612e-01 2.465709772413871015e-02 1.780430564964578799e-02
-9.114296782451650203e-02 -1.762183491624287890e-01 -7.645947072108848219e-02 5.972843755029841328e-02 -7.318741733858492859e-02
-1.175268181244247950e-01 -2.263697632882813449e-01 -1.052036279065494406e-01 7.121760070530284981e-02 -1.058028145581154239e-01
-1.193523679932352310e-01 -2.222698509549823898e-01 -1.137525651631699081e-01 7.278466387013507455e-02 -9.348950475994774467e-02
-1.142325007620916544e-01 -2.095073355079589417e-01 -1.139088151631699186e-01 6.837155086627816347e-02 -8.360183625634783067e-02
-5.493120499687737662e-02 -1.386769263479154801e-01 -1.111819892018951622e-01 2.206624512983734396e-02 -7.403537138693859487e-02
-9.836455769486528167e-02 -2.184628383887733394e-01 -9.912151920363049262e-02 5.576823899107129917e-02 -1.171692385273187254e-01
-1.046071603882320344e-01 -2.237292033445491823e-01 -9.863619298485774844e-02 5.682015108812765725e-02 -1.151145748331068863e-01
-1.058462751515697048e-01 -1.925089908147213924e-01 -7.332310979462403067e-02 6.826218100038131120e-02 -9.386119054968550257e-02
-1.186974571718235200e-01 -2.174124329926038213e-01 -1.032807528669131836e-01 7.296055689102123876e-02 -9.612465010209156335e-02
-7.991159926029216265e-02 -2.067581568886691923e-01 -1.129737313638329993e-01 3.314214606057802603e-02 -9.088089653686198810e-02
-6.320101270038705477e-02 -1.033625589784922250e-01 -9.476531211933998666e-02 3.422638085778197808e-02 -1.092145084733657165e-02
-8.453002311947472452e-03 4.193359422135861658e-03 -1.079752541600750293e-01 -4.306212212418251625e-03 8.588289544660984709e-02
-8.453002311947472452e-03 4.193359422135861658e-03 -1.079752541600750293e-01 -4.306212212418251625e-03 8.588289544660984709e-02
-6.044731102473409334e-02 -1.155516626118847923e-01 -1.111907669060844400e-01 3.804538977260735200e-02 -1.797641924077342593e-02
-9.693137154664252519e-02 -1.990914558430141867e-01 -1.034560441701718875e-01 5.673991911148407868e-02 -8.051007902951010098e-02
-7.226223926403350234e-03 -1.198921588572231245e-03 -9.892947823855771650e-02 -1.131944277586839978e-03 7.631396688871955325e-02
-1.186557333171564532e-01 -2.189715141173968482e-01 -1.024629440671964015e-01 7.328632416478066125e-02 -9.864673414661230544e-02
-7.218093554466437078e-02 -1.192260275879573339e-01 -8.126095155272528014e-02 4.196210239968647254e-02 -3.301848460017722808e-02
-1.694945650124240685e-02 -2.748622934988321706e-02 -1.078824853653485016e-01 7.804276949058070595e-03 5.445317860130675924e-02
-6.878836814197336613e-02 -1.181796978927705938e-01 -1.034322152523536598e-01 3.783994226204270839e-02 -1.583331204082547364e-02
-1.237251738622402730e-01 -2.312038819347823349e-01 -1.133336797012107350e-01 7.591991890054797243e-02 -1.005176841770681340e-01
-6.119442401536035608e-02 -1.014952600260630722e-01 -1.001341328041047418e-01 3.337052275458680245e-02 -3.155610944239953253e-03
-7.712551241650308920e-02 -1.361865155170397246e-01 -9.471802051358282903e-02 4.556892899296795252e-02 -3.388680187266610022e-02
-9.352772315418382554e-02 -1.684418204456349377e-01 -8.903141386205282171e-02 5.831810502901804694e-02 -6.496284148143592618e-02
-4.796555533434407326e-02 -7.483522395057727594e-02 -1.060954651216225314e-01 2.300829018088334718e-02 2.089823935047761122e-02
1.147909403526655575e-02 3.437467946854052409e-02 -1.102069711723582673e-01 -1.560358488792069030e-02 1.148082849476615708e-01
-9.876175372078425940e-02 -2.028446586766309567e-01 -9.543547303254214242e-02 5.693385186409267301e-02 -8.941719860410667076e-02
-7.407718911863102329e-02 -1.317955264074379962e-01 -1.095294746714293166e-01 4.260430495431936915e-02 -2.201963017956612076e-02
-4.299335005689614714e-02 -7.604662388149724395e-02 -8.554797201598222933e-02 2.617198923523767623e-02 1.068574596175661875e-02
-3.005532114432911059e-02 -3.373642250544060806e-02 -7.607600809037771972e-02 1.308075137199060656e-02 3.392983805628525806e-02
-8.924733036867933678e-02 -1.616002566791402140e-01 -8.766625548587840544e-02 5.504097423966591157e-02 -6.023563628975225903e-02
-5.134951454595625825e-02 -6.944480511690367952e-02 -9.878096945216734148e-02 1.543246096011183406e-02 2.574453913252456802e-02
-7.366079879510652184e-02 -1.477027276087111429e-01 -9.899222465624728240e-02 4.920142526519090398e-02 -3.562748208851870824e-02
-6.390963900508217499e-02 -1.121410359951038604e-01 -9.875612926767043942e-02 3.844645852545214293e-02 -1.614144427267360030e-02
-1.140658748543100648e-01 -2.153572857098647597e-01 -1.133532610572016430e-01 7.035287762375866394e-02 -8.748318924263884244e-02
3.769220272669208949e-02 1.010934107437799767e-01 -1.090892555809915704e-01 -3.852514776293890914e-02 1.648070385558898787e-01
5.675445334518956775e-02 1.744233171622797118e-03 -1.135276199358837557e-01 -8.543030039590920888e-02 4.648110585299122799e-02
-2.398382959732461850e-02 8.897975855344582297e-03 8.238501285309157707e-02 2.078498727784647629e-02 -3.763082498948396026e-02
2.047996772213263039e-01 5.219166370752146428e-02 -1.018988420368743958e-01 -2.658925617989599255e-02 -1.960940487039664337e-01
-8.956968737801837555e-02 -1.765291572608944370e-01 -1.106095276668507266e-01 4.762680371041686650e-02 -7.513309470081258601e-02
2.103560520621797214e-02 6.935455985539687451e-02 -1.104560043197426872e-01 -2.728538332871160987e-02 1.399787171401667696e-01
-6.424579599458075940e-02 -1.420761495860137502e-01 -1.128732555310467400e-01 3.760276840338588888e-02 -5.998324284964587361e-02
-5.570217714649153273e-02 -9.196353987704987409e-02 -1.035378484683776579e-01 3.005292309259145755e-02 5.127181028060144238e-03
-1.713727601245857574e-02 -4.878455969862569019e-03 -7.542032856442269784e-02 3.590113146806009001e-03 5.448406407324617173e-02
2.206581609084278806e-01 8.352355914889494914e-02 -9.725585422327596985e-02 -3.093194730698168304e-01 -2.119803686051622560e-01
-2.398382959732461850e-02 8.897975855344582297e-03 8.238501285309157707e-02 2.078498727784647629e-02 -3.763082498948396026e-02
4.181626301507888888e-02 1.088946720657986700e-01 -1.073524322485843591e-01 -4.025906649390490616e-02 1.680293660644169851e-01
4.782905840240034290e-02 1.134020522542114051e-01 -1.105833836851047441e-01 -4.173186802504823961e-02 1.687583961459919180e-01
3.519977252715804361e-02 9.194101665730716744e-02 -1.120992071802926343e-01 -3.620424581165564148e-02 1.615062385699629344e-01
-2.942526794445066499e-02 4.638254861826501124e-02 4.692473748607741690e-01 5.669633332404708237e-02 -2.655644516575489944e-01
-2.406839916421500344e-02 -5.598673287190321368e-02 -8.094836073654224085e-02 5.873168094168625814e-04 -2.587995708780164647e-02
5.870438263311586469e-03 -1.099098328171553285e-01 -1.128500828642930442e-01 -5.516283379401586834e-04 -1.143504329806112885e-01
-7.817770965040080067e-02 -1.535563376413435765e-01 -9.104396135438563853e-02 4.285612766755383940e-02 -5.416514579086398329e-02
-9.562485597936781767e-02 -1.711671387635560482e-01 -1.017290607790709844e-01 5.599086143911581603e-02 -5.812615955704154846e-02
4.018424987139494753e-02 9.035387719633466985e-02 -1.120992071802926343e-01 -3.591484016563414872e-02 1.637401468246738045e-01
-1.117735488791129495e-01 -2.054479338785812070e-01 -1.020312301759770945e-01 6.822761972897020688e-02 -8.802510344709785217e-02
2.605969644268016361e-02 8.248679420097146386e-02 -9.531361131129810482e-02 -2.972462932278911035e-02 1.409864260799608415e-01
4.462376763345174413e-02 1.141931554608533461e-01 -1.124278411507358688e-01 -4.302831068660858960e-02 1.786956661719842077e-01
3.299085267072425498e-02 8.836505536716174336e-02 -1.098083929784121060e-01 -3.461561002637095208e-02 1.560296510196156339e-01
6.318478557116989636e-02 5.552584957274459693e-02 -1.006368425280730616e-01 -7.690052605889223514e-02 1.102196995557641612e-01
5.008417229382379487e-02 1.196670947713068534e-01 -1.105842280787878995e-01 -4.483751756053713095e-02 1.822714301970667916e-01
-2.326944417673268428e-02 -2.251361872003295600e-02 -1.051600632391449103e-01 5.211758190032387758e-03 6.209992173658079873e-02
-8.177855723034464785e-02 -1.456073519754091106e-01 -1.113117481896799543e-01 4.645960686954669905e-02 -3.280223339689344875e-02
-1.175695882451415208e-01 -2.195892338273548738e-01 -1.087919214760601633e-01 7.305971731664721858e-02 -9.348955414239766559e-02
2.666605325715047659e-03 -2.348953712287986384e-02 -9.468255345772763620e-02 7.132359123055931338e-03 6.697634314863247507e-02
2.372514590343242913e-02 7.558181210764916558e-02 -1.104560043197426872e-01 -2.943694726261471967e-02 1.448706355210385155e-01
1.193307060682304716e-02 5.541066840214482064e-02 -1.104008526369647386e-01 -2.225186270509339759e-02 1.276652545800381344e-01
-1.993283370306621338e-02 -2.228546290669227575e-02 -1.027322824509486754e-01 6.185181420182678247e-03 5.946949598117569347e-02
2.522380380453949356e-02 7.327770726872973039e-02 -1.083188577745410608e-01 -2.870905433014090541e-02 1.423078466237787387e-01
2.614919737149009465e-02 4.734801439078267088e-02 -9.192788166997754862e-02 -1.753048841659893275e-02 1.049490744763054983e-01
-8.123723629456167106e-03 2.657201878827106928e-02 -1.007207345375796398e-01 -1.309008743065105500e-02 9.898114775641321528e-02
-1.102827777625465383e-01 -2.042117882560780251e-01 -1.108084010311075063e-01 6.688001599171973510e-02 -8.030866041297199387e-02
3.975292442807032423e-02 9.889914064084845413e-02 -1.101603954101272043e-01 -3.762804031479079908e-02 1.654536342158861029e-01
2.605051045042494628e-02 7.059993561865388068e-02 -1.114077969349602792e-01 -2.802641684242617587e-02 1.448968821992440148e-01
2.950987789367517239e-02 8.622734219407063305e-02 -1.022519438557687593e-01 -3.264778750230117738e-02 1.491199150430172760e-01
-5.162517331057736580e-02 -8.308497396803868340e-02 -1.059343754671170090e-01 2.651434102258776876e-02 1.469389304040953290e-02
2.145654580953673674e-02 7.366571961922038780e-02 -1.070996829295842723e-01 -2.861854024786788381e-02 1.397700266684210324e-01
1.829111106598023673e-01 6.195819164363802062e-02 -1.064119506335707566e-01 -2.687532538800688209e-01 -1.632024540419078906e-01
-9.810086742968700257e-02 -1.829839865945321054e-01 -1.090995563788778877e-01 5.674162577418043196e-02 -5.884743988047926033e-02
-6.223610722125885730e-02 -9.746733644738700408e-02 -1.131293304063368255e-01 3.024634280219806737e-02 6.293210898207281592e-03
-3.689913626132872160e-02 -7.956158241184431434e-02 -7.714701139115758000e-02 2.541571939489645215e-02 -1.399755309206992746e-02
-1.188411621860568368e-01 -2.207882137264546019e-01 -1.117925255944402091e-01 7.257961703117492280e-02 -9.298568400654540211e-02
-9.109771785805861888e-02 -2.031362704614383119e-01 -1.029496926005436519e-01 5.020449982653469451e-02 -1.059732319765822606e-01
-7.420326107898098100e-03 1.390613297561273803e-02 -1.005126793365828941e-01 -7.884232165391120636e-03 8.655914905241893220e-02
-1.037449064416461481e-01 -1.954243174508686620e-01 -1.050778563554425199e-01 5.983468007569911484e-02 -8.231927892074820952e-02
-2.317087176725872444e-03 -1.182477343359823740e-02 -9.471978023324167939e-02 -1.800526414254342844e-02 1.188867195909084837e-02
-7.928177617175918845e-02 -1.609676762719862431e-01 -7.975637123114032168e-02 4.426429226237454245e-02 -8.826732588712939143e-02
4.201127483356369152e-02 1.045503064988330399e-01 -1.077017811839956485e-01 -3.870316487510003928e-02 1.672713815771893764e-01
-9.881821775379839856e-02 -1.814395238819176692e-01 -1.108293165749349857e-01 5.803904843577932515e-02 -6.308561518994439121e-02
-6.342085891065454839e-03 6.840627075515963440e-03 -1.069809036197077179e-01 -4.864995087498573054e-03 8.760477166623598100e-02
-7.322336122194735702e-03 -5.540683689576565013e-02 -1.061989726612467821e-01 -1.399882566333175878e-02 3.285018023154795408e-02
