-1.161382015314055410e-01 -2.104034261361244773e-01 -1.041953908790018701e-01 6.983419484045426395e-02 -9.137839390373424242e-02
1.696198078751964128e-02 5.957796574600477540e-02 -1.152859202626959623e-01 -2.378354320428311547e-02 1.355933756350541919e-01
-8.371367734795378407e-03 1.680974702409989557e-02 -1.123673273951029117e-01 -1.010166316253248951e-02 9.603433902056315863e-02
3.322499305303522332e-02 9.014057072794057213e-02 -1.150258461320335934e-01 -3.557841080461972283e-02 1.604674212436106862e-01
4.513915337633880864e-02 1.125203088106608573e-01 -1.164719209868989303e-01 -4.394454474298735425e-02 1.829395313697112224e-01
-2.798241568518471806e-02 -5.683736954846083100e-02 1.195522087623525076e-01 4.635668565807767039e-02 -9.397250246395456863e-02
6.075592325014746165e-02 2.378279501571146093e-01 -6.127138759677872026e-02 -3.510740344981831337e-03 -1.400798843893995629e-02
2.454863621486191166e-02 7.982252274365475575e-02 -1.154016586211230044e-01 -3.162975078465955769e-02 1.534838302525237674e-01
-5.104854269932607158e-02 -6.844648740548887889e-02 -1.060360913007186712e-01 2.058069649246610511e-02 2.322093018812236564e-02
-1.464998779185036973e-02 8.136117478830938443e-03 -1.057994153361358491e-01 -5.541740160150533320e-03 8.391835107399699123e-02
5.851408959821124967e-02 1.430143780249855945e-01 -1.143069461172163959e-01 -5.337350618906008121e-02 2.060309653528594742e-01
-2.776887469325911573e-02 -1.531662690776305902e-02 -1.083351579576279922e-01 1.939081036095097882e-03 6.646250322637861641e-02
7.451262348042214656e-02 1.455339550948973881e-01 -1.154914433061313694e-01 -5.381321049856146316e-02 2.138534187389340702e-01
-1.189774091960882907e-01 -2.184426637594747977e-01 -9.420650022612887808e-02 7.400677513134003294e-02 -1.028216349350071362e-01
-1.105066180636990192e-01 -2.019940728651694328e-01 -1.063137811715895303e-01 6.680626180773358014e-02 -8.160210861542549488e-02
4.933796126604203525e-03 3.347118604961183547e-02 -1.160479952384985136e-01 -1.553838479234886417e-02 1.178082143660791337e-01
-2.960726428587615380e-02 -2.510369299707814611e-02 -9.579166322981109982e-02 7.165142511439917539e-03 5.165226213854919035e-02
5.896613947959011837e-02 1.378474168307280423e-01 -1.155335317196172218e-01 -5.153246215011352688e-02 1.991800009466389854e-01
7.278302303442575616e-02 1.129793906278906690e-01 -1.136041635121755183e-01 -4.452153307826148265e-02 1.988786571380476709e-01
4.326717994931361666e-02 1.183677528160195780e-01 -1.019216667459854619e-01 -4.202190133916822862e-02 1.734131235524710990e-01
-1.093285100799877285e-01 -2.033802492763976955e-01 -1.004564178386806450e-01 6.637612730135068750e-02 -8.788402379310840395e-02
2.577093954697740052e-02 8.292140101916348205e-02 -1.154016586211230044e-01 -3.269526479632994809e-02 1.558490925515114145e-01
-9.170423814399983331e-02 -1.614514132037653815e-01 -5.730681810619669275e-02 6.054195022757719036e-02 -7.971522000739855729e-02
6.579883957077176104e-03 5.083001457244721438e-02 -1.128788104100135470e-01 -2.099057635749525252e-02 1.258473008273660321e-01
4.925059936492387491e-02 1.206395887344240414e-01 -1.163305420903983367e-01 -4.610601942694542849e-02 1.906585364457850651e-01
-9.978875230842938759e-02 -1.730545830940530549e-01 -1.080683703279277791e-01 5.695024245607037405e-02 -5.986146545243893613e-02
1.169603729730365332e-02 4.751453925683086360e-02 -1.141710410899320627e-01 -1.982934356210796362e-02 1.268522788344448038e-01
7.398649647302106558e-02 1.356532679060635238e-01 -1.147980170859839444e-01 -5.205298677869412555e-02 2.118064592918669498e-01
-1.008846208065814903e-01 -1.793989286354907564e-01 -1.095192832550211520e-01 5.857742782041713142e-02 -6.204384467025202132e-02
1.883785242062020748e-02 1.124260743505648696e-01 4.492481456189751921e-01 1.216380979676639530e-02 -2.331994598735310509e-01
-7.628166554027107638e-02 -1.740947940673263639e-01 -1.139612535795184178e-01 2.139040885093988764e-02 -9.831761744523674629e-02
6.533600759146519776e-02 1.534150349289020721e-01 -1.146355446020648761e-01 -5.695993628984345053e-02 2.153172598469372534e-01
-7.750689594162543661e-02 -1.343971443918882402e-01 -1.111100120742562897e-01 3.866706590013171962e-02 -3.258874744615543328e-02
-4.094113167101755268e-02 -4.796181383746957183e-02 -1.062876562642569023e-01 1.343978257516405261e-02 3.936360200580726887e-02
4.334608075513157743e-02 1.121373963647994132e-01 -1.127533245306597542e-01 -4.236559399972242984e-02 1.787542105537324733e-01
5.294884684661273211e-02 1.303920683712439521e-01 -1.142472279873041202e-01 -4.880313797591331187e-02 1.953932783720657429e-01
2.138908159410508880e-02 7.116832330939257267e-02 -1.119163601122762364e-01 -2.801056740916648552e-02 1.428012090406181045e-01
-2.619892613945990628e-02 -2.796867834792670163e-02 -1.159520224508061165e-01 5.841455887970528442e-03 6.707399656815998812e-02
-7.733804101144496623e-02 -1.302874066968248146e-01 -1.120504685190350097e-01 4.114633197363507661e-02 -2.205241883308684328e-02
6.532584039319332125e-02 1.504678708637770534e-01 -1.159059308481533712e-01 -5.698131363192699556e-02 2.141282514439064866e-01
-3.108438161401330668e-02 -2.933190306142935064e-02 -1.112193494446069159e-01 6.306530686140538779e-03 5.954284760519810982e-02
2.632802587691853574e-02 1.016200906661760273e-01 -1.050193812136597932e-01 -4.166677884379772767e-02 1.528335420526148736e-01
-1.136356518696729073e-01 -2.123817457395398567e-01 -9.178837152724161896e-02 7.284944274689252042e-02 -9.754555364714975751e-02
-9.892154532300102832e-02 -1.761175781753739622e-01 -1.052643399392839546e-01 5.852952452254790022e-02 -6.399415912918590688e-02
4.527421268105637220e-02 1.056441234097059423e-01 -1.090120240997424494e-01 -3.939193376369461153e-02 1.734886799189895579e-01
5.337758508988532657e-02 1.286935943148329042e-01 -1.140353232399002603e-01 -4.852229689520368150e-02 1.957357514854051461e-01
-4.953739908151177929e-04 3.689798744720842322e-02 -1.059577858728844718e-01 -1.422237067840252840e-02 1.047764012221287233e-01
6.771141975046439387e-02 1.587289628354826843e-01 -1.152107919592644941e-01 -5.913737325321997279e-02 2.206640624468734491e-01
-1.047951280083747883e-01 -2.040151163051331096e-01 -1.145643271567872157e-01 5.743768907547844305e-02 -8.827016220090527776e-02
5.807068042573713951e-02 1.259545031596900344e-01 -1.163156709868989336e-01 -4.844264534870452998e-02 1.991157118253015224e-01
-1.176615605817472598e-01 -2.147579926101740033e-01 -1.143158728067127095e-01 6.994197420806483323e-02 -8.831414482489913231e-02
-1.088364617776131360e-01 -1.956577940422467854e-01 -1.111182831429234907e-01 6.411122642924149684e-02 -7.473596940985109682e-02
-8.416167498239590650e-02 -1.425197916605895065e-01 -9.889733146100207484e-02 4.738588435997595494e-02 -4.012457277286585189e-02
-9.360083335211939748e-02 -1.705833830734867496e-01 -7.059918139929313718e-02 6.089739892411343697e-02 -7.784178599711845392e-02
4.215413035754725368e-02 1.113407893501251744e-01 -1.154202892074397413e-01 -4.163375479402813689e-02 1.781459434726118118e-01
1.921050542643701342e-03 4.028151325340812577e-02 -8.396996103790962951e-02 -1.369216805106166814e-02 9.665091275727809295e-02
4.394139518322984217e-02 1.119526928145718192e-01 -9.649600506626988816e-02 -4.002958110371593325e-02 1.695321247251078967e-01
7.604602539862631572e-02 1.287418147363165732e-01 -5.788394766752305576e-02 -5.323701806959729027e-02 1.422608898009099510e-01
3.777547118600801945e-02 9.715837049852377172e-02 -1.109109261508344907e-01 -3.593645857508268732e-02 1.640558608078981628e-01
-6.291371769329610897e-02 -1.071445509329809753e-01 -1.129917033040606922e-01 2.156074585963379392e-02 -1.895048609333677483e-02
8.419802306588189400e-03 4.175535494832300493e-02 -1.141521618157543549e-01 -1.708473816820010871e-02 1.195661604677087791e-01
3.941796085567289554e-02 1.008239592956914898e-01 -1.112868660004585480e-01 -3.713892113495338709e-02 1.671473068622165159e-01
2.267334299765641492e-02 7.191964680011589395e-02 -1.117429759841458703e-01 -3.049405212728309444e-02 1.421351314450450265e-01
3.454264343089930023e-02 9.386072735677672418e-02 -1.151743858938502757e-01 -3.653000151467213075e-02 1.663771677676896266e-01
2.640781438220225763e-02 7.896573840708326353e-02 -1.155910923017693659e-01 -3.103865962644546811e-02 1.534182792161856990e-01
3.029919009868189961e-02 6.945979277398728335e-02 -1.134645139524296520e-01 -3.945903181591432773e-02 1.401653381311081803e-01
7.247113136304018932e-02 1.633535101451098481e-01 -1.317668727939064199e-03 -3.941064558224088160e-02 1.383716152629731189e-01
6.952969737769662539e-02 1.559705523957292672e-01 -1.157496808481533745e-01 -5.897112195797313966e-02 2.194667626846331376e-01
8.444397451603094518e-02 1.327889893032133672e-01 -1.164498991748184054e-01 -5.266200466241238026e-02 2.174551186736002339e-01
4.802211016396325249e-02 1.139558254168235307e-01 -1.154997690890980644e-01 -4.367223440092986297e-02 1.856806989264595253e-01
-3.109331009598578777e-03 3.586406793638508700e-02 -9.072307314039673720e-02 -1.287216035318301637e-02 9.660008494968895520e-02
-2.918462544830163763e-04 4.836121301321198024e-02 -1.150073612181189558e-01 -1.749346422006327340e-02 1.146158960604048149e-01
3.187064193631641840e-02 9.251695155948561067e-02 -1.137389043294076002e-01 -3.546729342532601442e-02 1.629512367101871861e-01
4.523548694818166349e-02 1.135044300977428311e-01 -1.102476111290665722e-01 -4.262487121339991747e-02 1.800459083841834673e-01
-7.550938979877119817e-02 -1.219514648168533444e-01 -9.906967332335769871e-02 3.951275548097622076e-02 -2.437960422446667705e-02
-6.363174163219831314e-02 -9.462470094666006193e-02 -1.088383470668736891e-01 2.940466413751583602e-02 4.568048402433206451e-03
-1.033336089013613471e-02 2.702936189177514853e-02 -9.387409224417540832e-02 -1.044752314100790523e-02 9.141563769361711611e-02
5.083516843349700221e-02 1.282111736134368407e-01 -1.131603101253820243e-01 -4.782136391370954420e-02 1.922905211409517146e-01
5.225286070073596745e-02 1.303308317330949817e-01 -1.130748400399119308e-01 -4.855699746583998916e-02 1.941276530010026258e-01
2.066927200434556106e-02 6.271559674809112916e-02 -1.141114947844172334e-01 -2.710810504936114057e-02 1.381391148114202161e-01
-1.210187185767753332e-01 -2.233337489988163616e-01 -1.120614636856519242e-01 7.359557874803135391e-02 -9.622540265080975486e-02
4.767093373931335920e-02 1.220929215496128761e-01 -1.152262920406515734e-01 -4.610305429194999638e-02 1.889916822468697688e-01
1.670754853897932768e-01 3.573554523513320508e-02 -1.165501029506630093e-01 -2.689899067880333616e-01 -1.956827063837902614e-01
-2.971528957279959138e-02 -2.601901141250710647e-02 -1.070784787517625319e-01 5.755281060119557882e-03 5.828338285057654833e-02
-7.832989477936419531e-02 -1.296931054131786054e-01 -7.167804878656830470e-02 4.665461850793381493e-02 -4.630560240095277225e-02
-3.264366438929647285e-02 -4.080820310781269056e-02 -1.162719525788041275e-01 1.020825485964345011e-02 5.643284238769583072e-02
-1.119749530374785640e-01 -2.015645134942601890e-01 -1.035133873146754230e-01 6.723244095011464416e-02 -8.380597491452604353e-02
-9.051143181599927146e-02 -1.515362993214264820e-01 -9.059230480949648223e-02 5.158690277474243385e-02 -5.255446187413347070e-02
4.100898163607145930e-02 1.073231553305310781e-01 -1.097492631596934248e-01 -4.046919111330853774e-02 1.734132189551507996e-01
-1.130377856330909425e-02 2.765825473062336753e-02 -1.078258111707006972e-01 -1.187997624853915669e-02 9.806553627772787718e-02
-8.895853973126290060e-02 -1.544857593118381667e-01 -1.124331183664988576e-01 4.947030556758731656e-02 -4.054377595682531754e-02
-1.989040619958727663e-03 3.939401748644267426e-02 -1.101919166048082460e-01 -1.706189780085651947e-02 1.122534753574769700e-01
6.227204062940208673e-02 1.495794367929632052e-01 -1.146355446020648761e-01 -5.574321072555876028e-02 2.119753876615955435e-01
-4.518331114398203840e-02 -4.409672865942120684e-02 -9.634229031999108628e-02 1.456245448463228988e-02 3.134995084557948980e-02
-6.349438355885670543e-03 2.639905571480507390e-02 -1.033972588582045687e-01 -1.074305680323583111e-02 9.790577584360334040e-02
3.169751895979674994e-02 7.557720082318411525e-02 -1.054877987383909255e-01 -2.941521740443009403e-02 1.485915103363773249e-01
2.822669785686374166e-02 5.097110393407010970e-02 -9.814606632126407493e-02 -2.020292305321629012e-02 1.289936325581954313e-01
-1.464119560084030727e-02 7.867970286706085781e-02 5.020622930237143011e-01 5.440845103607510475e-02 -2.521183926606953563e-01
4.824448968841443808e-02 1.260861818384986788e-01 -1.032977494848397598e-01 -4.601292699998638797e-02 1.845808864935423455e-01
-1.178619512475905656e-01 -2.148243970328170827e-01 -1.138443205494461541e-01 7.026419128303323935e-02 -8.888838345494300131e-02
-1.252841539253634617e-01 -2.321505535517905117e-01 -1.138058268195510647e-01 7.604964352668353023e-02 -1.018561505335513206e-01
-9.906173864138510810e-02 -1.724444810755464130e-01 -1.006107768609077746e-01 5.755475355425708484e-02 -6.307368579028994893e-02
6.623766440191064531e-02 1.459012908696469546e-01 -1.149593145432840496e-01 -5.566301452126803245e-02 2.120733145747653314e-01
-3.262954807675241126e-02 -5.332687725847589516e-02 -1.081432653792935572e-01 4.977342937338595681e-03 3.541078472388504983e-02
-1.153350104463573000e-01 -2.186164188007015674e-01 -1.081349644023774925e-01 6.809712461874671552e-02 -1.003325850750033110e-01
-8.857516204839155360e-02 -1.642823879111605656e-01 -9.444667757023557375e-02 5.606963247029058545e-02 -5.690078374179903531e-02
-7.162296373112345127e-02 -1.241706294415751144e-01 -1.143717288878742661e-01 3.241837573465052025e-02 -3.476055737304793725e-02
-7.112195471043170070e-02 -1.547930377755758757e-01 -1.064904999301571620e-01 3.034319308958245004e-02 -4.809952164904544858e-02
3.941196079664047169e-03 3.501702442315277747e-02 -1.118447560210514419e-01 -1.574573519867182581e-02 1.139150481024154560e-01
3.707254652791522331e-03 3.646004338052036969e-02 -1.137715301771293902e-01 -1.645772040295984812e-02 1.168265483160536716e-01
-1.088034491918241087e-01 -2.075749063760982394e-01 -1.143509214022432469e-01 5.818823026209096749e-02 -9.390898446978884762e-02
-9.769206920153440665e-02 -2.016527356928473624e-01 -1.146561941435592230e-01 4.396219660821899800e-02 -1.034321248976503849e-01
1.147834768653344106e-02 5.712000126865472011e-02 -6.998049415574102150e-02 -1.139869469356122496e-02 8.811153811140007286e-02
-6.790118662136562788e-02 -1.082082606238053274e-01 -6.891960570315865120e-02 4.001753243196573551e-02 -3.097579292174103618e-02
6.001337511086912713e-02 1.434219362498590222e-01 -1.133431015913333451e-01 -5.346333396346326233e-02 2.062577690287024923e-01
4.531414298269474672e-02 1.140549860239992441e-01 -1.135404363464702360e-01 -4.214132942161161882e-02 1.778406558715652230e-01
-8.132079430257670161e-02 -1.376647167300547037e-01 -1.096214456655621727e-01 4.413077218083840542e-02 -2.967835160496007721e-02
-1.243894618893932325e-01 -2.312057512144786164e-01 -1.135557187079050817e-01 7.625121134390591693e-02 -1.014236872355831487e-01
-1.188066472858771150e-01 -2.171269645303670892e-01 -1.136803590320314694e-01 7.145493784780962421e-02 -9.072437577757093419e-02
7.408403749315112252e-02 1.542357526057243078e-01 -1.145736127865299714e-01 -4.685903336843550565e-02 1.889993139935051136e-01
9.383391782902324174e-02 1.646943947988206702e-01 2.054814384149181439e-01 -1.490881824445756780e-02 2.734995905584464149e-02
-8.905742281819620243e-02 -1.540373161614764508e-01 -1.089512905429551037e-01 5.003979509082773919e-02 -4.275893023491024458e-02
6.056973290961585599e-02 1.440122256316619942e-01 -1.130560293993696785e-01 -5.374317387950983821e-02 2.073733214496393251e-01
-1.132982885713016280e-01 -2.077315137564821335e-01 -8.168357797885561489e-02 7.204776528152403992e-02 -1.011116088601028418e-01
5.775806481548809157e-02 1.408998956978038675e-01 -1.138752914409573991e-01 -5.258413008902914493e-02 2.041337125341321779e-01
-9.463581436161695726e-02 -1.724903197235523600e-01 -1.069961872003579728e-01 5.204614465090934977e-02 -6.392320477621439567e-02
-1.553574039317695554e-02 -6.832123938159857801e-03 -1.097825235753760176e-01 -6.230747607721357634e-04 8.015970939342084711e-02
-6.599702605474921935e-02 -9.836154959595845571e-02 -1.120768970214915811e-01 3.019365182595708935e-02 2.709606752256562417e-03
-9.639330032829418471e-02 -1.713361150951987488e-01 -1.017123410263613970e-01 5.695140821000318349e-02 -6.055513770697354414e-02
1.759794041347727961e-02 5.802346248848885141e-02 -1.134486551273595628e-01 -2.343337928384177371e-02 1.356828825134913374e-01
-9.966995878686396582e-02 -1.945132904237647509e-01 -1.121628062490576672e-01 5.377187360757306606e-02 -7.609300936221798095e-02
-7.502204055388037029e-02 -1.264801730445529737e-01 -1.118884521400700383e-01 3.981015386852813920e-02 -1.713756360290740258e-02
-1.030731061945594357e-01 -1.927568747420521922e-01 -6.657136806716322519e-02 6.251652792268309888e-02 -1.108023626897468306e-01
-1.103140911274928110e-02 3.537650474223786451e-02 -1.074670237159037756e-01 -1.412533647235749042e-02 1.038209880008954256e-01
-1.178898503781152240e-01 -2.163570902757612491e-01 -1.048149560405424452e-01 7.119231697412814475e-02 -9.568815906287536643e-02
-1.066711958046610703e-01 -2.013708546196966986e-01 -1.038975015304995503e-01 6.681360906137094602e-02 -8.023468818703166638e-02
1.840800443019013910e-02 5.998808346161437627e-02 -1.155292070117098502e-01 -2.463812712492085416e-02 1.388414014266275698e-01
3.551151699717434995e-02 9.786328909640379381e-02 -1.145858559047468750e-01 -3.750827692858776236e-02 1.682572469286102712e-01
-7.270232100115039953e-02 -1.196119126526540843e-01 -1.122229066719950125e-01 4.092327977769033565e-02 -1.900088490130133131e-02
-3.447518446465495240e-02 -4.482215376022585795e-02 -1.141433266153432380e-01 1.138377853923057230e-02 5.175621990834219921e-02
-9.639609138283231071e-02 -1.706642612190935604e-01 -3.006841401761802673e-02 6.647455073288795202e-02 -1.032647262288205747e-01
-9.007205882179847301e-02 -1.547669478202670090e-01 -1.101847547511894537e-01 5.007074695261610336e-02 -4.277010079770010575e-02
-5.933113249537785155e-02 -1.220111646682348616e-01 -8.912355326201730488e-02 4.116634551032230527e-02 -2.038270648726038872e-02
-4.813744971383571158e-02 -6.895370475823181522e-02 -9.843600791925163906e-02 2.181773237319183795e-02 1.940500050260482445e-02
-5.014568441753745193e-02 -7.749216639291228725e-02 -1.129989189264604815e-01 2.291931686217097558e-02 2.423968451670072133e-02
-8.776139216845765811e-02 -1.858829198743759126e-01 -9.785649209921176706e-02 4.818325475815258413e-02 -7.829663949213022667e-02
-1.014776272359178971e-01 -1.797630675543580303e-01 -6.838092794123865059e-02 6.530636817319536436e-02 -8.904047663482216046e-02
5.207191725440807328e-02 1.294083127766280927e-01 -1.162108566792360020e-01 -4.829039775571977028e-02 1.945960311139949273e-01
-1.039707407124265404e-01 -2.073415353884739964e-01 -1.124792458416116470e-01 5.731618035412851947e-02 -8.429001236793839946e-02
-7.472555600096555950e-02 -1.297473062771590802e-01 -1.086567326148228096e-01 3.696653203798140608e-02 -2.854753371657977809e-02
-1.053949985349353219e-01 -1.841713241667113921e-01 -8.943735913141880045e-02 6.300530107901228249e-02 -7.965376546488725507e-02
-1.145827504072946118e-01 -2.086205857156799848e-01 -1.123191718515151039e-01 6.837259115946692223e-02 -8.381961882993406443e-02
-1.126592849304944299e-01 -2.035646266317815145e-01 -1.111027907534131304e-01 6.683292160805044679e-02 -8.096973878413009362e-02
-1.239459500880196741e-01 -2.318798166184401210e-01 -1.144429761626581527e-01 7.524796336709575761e-02 -1.016326556298464412e-01
-1.263977627611178600e-01 -2.354532629461237314e-01 -1.142734846372344265e-01 7.725131885842309587e-02 -1.039064052235029456e-01
-1.086807629369033884e-01 -1.958512151857865757e-01 -1.008818216640229998e-01 6.551665338950095341e-02 -8.076836461083003460e-02
-6.473981838526723931e-02 -1.245134078281162071e-01 -1.126567790674730118e-01 2.912988801089608226e-02 -1.789005724443563580e-02
-4.512905815509933583e-02 -6.207473657297663677e-02 -1.084597964019732574e-01 1.816400632505906290e-02 3.039160741532069901e-02
-1.199870986299869935e-01 -2.203962664836183749e-01 -1.018973638865928039e-01 7.419096995120245952e-02 -1.002564240643350341e-01
-4.941689506448927044e-03 -6.386486330886564922e-04 -1.044150321115724783e-01 -2.420065926631270736e-03 8.672184326389924258e-02
-9.603050659438733261e-02 -1.693291260987916103e-01 -1.111654670468444489e-01 5.494948760766072554e-02 -5.388122135122318246e-02
-6.055901680334849213e-02 -9.924336301382989667e-02 -1.117801907712492465e-01 2.940860271791223557e-02 4.109018380950381355e-03
4.583365995968687046e-02 1.107363089788579724e-01 -1.136953588648756119e-01 -4.295711649211926553e-02 1.808245504503900314e-01
-1.019957425167628134e-01 -1.861057898004011835e-01 -1.014364723164258436e-01 6.074986442057239006e-02 -7.247874032715972969e-02
-1.256878929101046261e-01 -2.338783054442515053e-01 -1.139535679672922103e-01 7.684647682712547612e-02 -1.036563004137219107e-01
-7.923994392417949006e-02 -1.659928919282414039e-01 -1.117310389176970342e-01 2.860437606953995793e-02 -8.269258880636745634e-02
-1.179277505665757009e-01 -2.168846900267970557e-01 -1.064358149211181159e-01 7.172379301005894769e-02 -9.413518837743468926e-02
2.123428663472169964e-01 9.409605729590028722e-02 -1.056393961072394777e-01 -3.093725792662053165e-01 -1.786483433645904562e-01
-8.844583512351245069e-02 -1.512561158626037905e-01 -9.834278316804297149e-02 5.083753958158181152e-02 -4.966143045226956154e-02
-1.106653470203583511e-01 -2.002406378616110316e-01 -1.091182258674337768e-01 6.548815285687566157e-02 -7.954414653112149014e-02
-3.377793099187139519e-02 -4.390933451847237046e-02 -1.055635777796334746e-01 1.597912975818603989e-02 3.777126943231805950e-02
-8.135487370086830206e-02 -1.374656419014377573e-01 -1.091572694831777490e-01 4.390901333497650855e-02 -2.912505628822513112e-02
3.955991288780714155e-01 -2.078557720237597939e-01 -1.156353948991700464e-01 -4.621600097456027290e-01 -1.627861748415659615e-01
8.515204628024303224e-02 1.124707713659914565e-01 -9.731531726881685607e-02 -4.239764835982142571e-02 1.949110787959420499e-01
-1.259589962474536584e-01 -2.338172202184571891e-01 -1.138058268195510647e-01 7.662348542320900069e-02 -1.031386462849472885e-01
4.540126947157378801e-02 1.117170933873499195e-01 -1.157351457090278618e-01 -4.289434110012486229e-02 1.827341818287080699e-01
-6.427831084280133389e-02 -1.032915106481013257e-01 -2.393844839238383482e-02 4.334315284392339929e-02 -5.283067290157400508e-02
-1.257266059444162865e-01 -2.345836977287324432e-01 -1.142734846372344265e-01 7.679921204663295309e-02 -1.037407761662180461e-01
-1.268164671110280084e-01 -2.351786757414773277e-01 -1.059869768569655230e-01 7.910359642739177299e-02 -1.077413269901528470e-01
-1.489707430998946786e-02 -7.379613328768089286e-03 -1.157776865015686524e-01 -1.430163204605082797e-03 8.436696145692050564e-02
-9.884639267442034416e-02 -1.747333437323856098e-01 -9.197332290384298281e-02 5.937249344993353328e-02 -6.923849642319900022e-02
-1.089200352953350048e-01 -2.145816725229628408e-01 -1.015662301930027878e-01 6.060394069457024357e-02 -1.118904865452533814e-01
-1.035216808948066919e-01 -2.160444405880247998e-01 -1.143643007630693598e-01 5.205849004490439164e-02 -1.094212956794300973e-01
-1.245769626054738788e-01 -2.306206743019943994e-01 -1.137410277250405916e-01 7.567110185753921081e-02 -1.010548890086925417e-01
-1.009872816364470322e-01 -1.866003608384315948e-01 -1.126739077708657222e-01 6.199279551385831338e-02 -6.502023572129425610e-02
5.764114324556063318e-03 3.423791256525812038e-02 -1.102106848201842293e-01 -1.485042043710761185e-02 1.142589745098780557e-01
1.535753952761947233e-02 8.089771393074904338e-02 -7.664259231581385667e-02 -2.665575041846413029e-02 1.253596947962629382e-01
-5.437208078467301031e-02 -8.688711821029064530e-02 -1.141519428497100169e-01 2.691087058573051610e-02 1.598913627924249473e-02
1.019961402319899402e-02 -1.658176627961203964e-02 3.024294592883746136e-01 5.228667369065965326e-02 -1.673145773242170620e-01
-1.175939514913492134e-01 -2.277618682004209638e-01 -1.036679704875141522e-01 6.918673642333980633e-02 -1.157609156534358530e-01
-1.289167539906160287e-01 -2.413646053126726476e-01 -1.140267420107548835e-01 7.933082450425760213e-02 -1.091389849341751067e-01
-7.306252226491125046e-02 -1.404303037147484612e-01 -1.087218515857759638e-01 3.533694422867034862e-02 -3.513274547161578110e-02
-1.293809474730215348e-01 -2.417821835887153104e-01 -1.138139760533080636e-01 7.965528601416167753e-02 -1.090744290813569217e-01
-6.819490879151302032e-02 -1.184989858773807803e-01 -8.803770922784173725e-02 4.117132142986404397e-02 -2.336067384268946875e-02
-1.705592885380615570e-02 1.671669530944048382e-02 2.500942449365848308e-01 4.134539443117998814e-02 -1.325645214593703658e-01
-1.142644861902464004e-01 -2.077923587866869204e-01 -1.121187454382999854e-01 6.782452799348331896e-02 -8.455653134833679418e-02
-9.281492659283406554e-02 -1.827274205346576530e-01 -1.104278509975553935e-01 4.931713333202486504e-02 -6.647072831360403833e-02
-1.101099588954078251e-01 -2.000244099677430665e-01 -1.071120756738688368e-01 6.598292033643038401e-02 -8.075274842459910507e-02
-1.182188911252612107e-01 -2.174088591656799518e-01 -1.109545676596458419e-01 7.163286005465967221e-02 -9.301745392951517311e-02
-4.715650461978676544e-02 -4.884743999511455270e-02 -9.591063564373208949e-02 1.640563696407127542e-02 2.740465770645641314e-02
-1.259589962474536584e-01 -2.338172202184571891e-01 -1.138058268195510647e-01 7.662348542320900069e-02 -1.031386462849472885e-01
-1.069294056668787379e-01 -2.011172152878260011e-01 -1.041064065615104478e-01 6.248678324415966184e-02 -8.716520333603011705e-02
-1.254211791988477653e-01 -2.317796983131547861e-01 -1.140267420107548835e-01 7.618694373423484656e-02 -1.012999016114746187e-01
-1.048663208301162664e-01 -2.160158664435664344e-01 -1.126236330355188386e-01 5.685533546067889077e-02 -9.686990703976228190e-02
-1.250822729249401188e-01 -2.321640539577094764e-01 -1.140157529997658653e-01 7.616013138482603806e-02 -1.020013318203900621e-01
6.852049718421057700e-03 3.836728718682071854e-02 -1.056146770971799487e-01 -1.574683239645972149e-02 1.145402530813586922e-01
-8.813166442509315357e-02 -1.604208388152944809e-01 -1.125161243830189728e-01 5.277927729782146138e-02 -4.330643624636719424e-02
6.848284117303801710e-03 -9.862657543021208228e-03 -7.741369396981624684e-02 -5.387336838084139795e-04 5.448144623958742216e-02
2.384405453991281232e-03 3.064834884469217618e-02 -1.158740345979167446e-01 -1.459576889057769868e-02 1.146653590141746282e-01
6.481271093244933557e-02 1.445237241972675835e-01 -1.143069461172163959e-01 -5.395534577788251712e-02 2.099570916668918319e-01
-8.937976410545875328e-02 -1.871509951247566361e-01 -1.114896277527644003e-01 5.335569200713317223e-02 -9.363519176648373021e-02
-1.234332163535033361e-01 -2.273560133357394319e-01 -1.138194510293777939e-01 7.459071666155028812e-02 -9.805711268747992204e-02
-1.062032945123590755e-01 -2.132916044927409827e-01 -1.102958474265625377e-01 6.023409203802852774e-02 -9.067610797519981558e-02
-3.706060973929956731e-02 -5.196376924840651057e-02 -1.121951392877693215e-01 1.449408226779477435e-02 4.550251264213926727e-02
-8.100868301831870566e-02 -1.970339705423138077e-01 -1.135602881747175413e-01 3.248918135828648968e-02 -8.551798706321982191e-02
-8.762640670992546954e-02 -1.511328233882000271e-01 -1.116294640281734474e-01 4.855706394330190634e-02 -3.776531944562558363e-02
-1.218475773233206189e-01 -2.313813068516681615e-01 -1.109419227775338690e-01 7.210410344506928970e-02 -1.081021705936331123e-01
-1.249730767432308404e-01 -2.320168043015647663e-01 -1.131740876208564978e-01 7.624522521162351019e-02 -1.020775543300573018e-01
-1.226793984034603435e-01 -2.287758186880599620e-01 -1.141230594927159364e-01 7.408518137935211911e-02 -1.001285277994410639e-01
1.313242728982105118e-02 -1.333293135215166403e-01 -1.124305611184492903e-01 -4.585874387747865266e-02 -1.194285635495030695e-01
-1.276823772729130113e-01 -2.382788941150310869e-01 -1.132876602638343833e-01 7.852273807682687290e-02 -1.065823147140475269e-01
-1.237833227267109287e-01 -2.266528795233215265e-01 -1.040230141769137862e-01 7.573851407374532219e-02 -1.036979935433380157e-01
-3.776453607532877926e-02 -4.058211222940211194e-02 -1.057530349622922139e-01 1.127209163667105933e-02 4.479955305520583880e-02
-7.653463925703793413e-02 -1.830674465718545862e-01 -1.039352709186482093e-01 2.851947644668260951e-02 -1.049175097874362750e-01
-1.069123631691941134e-01 -1.977198485911400849e-01 -6.342947268537789396e-02 6.722781241006925423e-02 -1.114246739409078812e-01
-1.081375385679223672e-01 -2.019090635908703246e-01 -7.580899075766704687e-02 6.693385383168504177e-02 -1.067373826887839244e-01
-6.371626043667384665e-02 -1.183130217099438858e-01 1.631801814406316775e-02 5.456478052036643767e-02 -8.517855718505172591e-02
-7.996093127055420302e-02 -2.047862623831170903e-01 -1.131189479978676887e-01 3.245541364832985054e-02 -8.929665707902652294e-02
-9.144985735713012653e-05 2.567762263172333054e-02 -1.136486259784399572e-01 -1.267004975836016033e-02 1.089414802740980293e-01
-9.144985735713012653e-05 2.567762263172333054e-02 -1.136486259784399572e-01 -1.267004975836016033e-02 1.089414802740980293e-01
-1.275121396968745269e-01 -2.377192601570617680e-01 -1.159869768569655318e-01 7.859876333271320625e-02 -1.033001372076120111e-01
-4.375765857344556670e-03 1.600054388616099083e-02 -1.116902287254975396e-01 -9.110015594225083155e-03 1.002333555416440036e-01
-1.043586124107603597e-01 -2.022109820830757243e-01 -1.135215541596907990e-01 5.670742400279440293e-02 -9.081091664596246948e-02
-1.015243504655249374e-01 -1.759852182314151081e-01 -8.539947258424500365e-02 6.162598061896418233e-02 -7.728818754653538070e-02
-9.565975554048369855e-02 -1.716150616462810974e-01 -1.076090398385562558e-01 5.623576080599463484e-02 -5.671178648543011291e-02
-1.209603766426318033e-01 -2.222919439465090852e-01 -1.140476497312607196e-01 7.272141050585999300e-02 -9.373160881248981946e-02
-9.787171381580564433e-02 -1.834469244624967466e-01 -1.139247630735915895e-01 6.039537839150255910e-02 -6.000357421244245648e-02
-6.158262708326912860e-02 -1.080931365890898388e-01 -1.029183575910106452e-01 3.547293940459781553e-02 -4.803558661429698645e-03
-9.142033718662537223e-02 -1.669537295981324831e-01 -9.599442584148176749e-02 5.701202700331461232e-02 -5.994715331843357420e-02
-6.528859481461252168e-02 -1.186999814013315752e-01 -9.771134791080947346e-02 3.969677814297413454e-02 -1.580932261240168210e-02
-5.843304956153878849e-02 -9.333658752469584097e-02 -1.101359520100112233e-01 2.875579579337578934e-02 8.363692460732454620e-03
1.161611276512281715e-02 2.634354506751946517e-02 -7.758226338148876966e-02 -7.978177158195454491e-03 9.339146123147597234e-02
-1.012613095221764625e-01 -2.085237501279282590e-01 -9.815407107187071323e-02 5.873910606295679876e-02 -9.240521791570152632e-02
-9.782739451235852868e-02 -1.796156388403775950e-01 -1.120072081190217617e-01 5.913803797877968671e-02 -5.864611646498112119e-02
-6.577169368160579177e-02 -1.220838911890903267e-01 -5.143767917229071646e-02 3.613742387459883271e-02 -5.551168094704300726e-02
-1.049804796016548941e-01 -1.880051731269570814e-01 -9.284317414914929067e-02 6.364145636355662827e-02 -7.935896140480944161e-02
-7.850758355693507329e-02 -1.373407974213968485e-01 -1.068665852573332103e-01 4.501398308922430203e-02 -2.719286846998172566e-02
-5.606362989773173988e-02 -1.342553506112331707e-01 -6.177942687250495557e-02 4.917309215863242822e-02 -4.093997545885530442e-02
-8.832175853259682796e-02 -1.603192553708441548e-01 -1.007403563466091057e-01 5.446292727176624965e-02 -5.097111218578002922e-02
-1.068325321723847671e-01 -1.870861911995735372e-01 -6.286855721267350927e-02 6.776159372801028591e-02 -1.006646313776696083e-01
5.316360803426306569e-02 1.310923970714173159e-01 -1.153772817196172251e-01 -4.970648579586358501e-02 1.940773140264724084e-01
-6.866114284327493045e-02 -1.072257780955891415e-01 -9.063634150401525535e-02 3.633859382110840586e-02 -1.734653855669129538e-02
-1.179792350658694783e-02 -6.234911764293819131e-02 -1.118332500023576509e-01 -3.240518179733067883e-02 -6.535884799295781089e-03
-2.455359779938068310e-02 2.211945884959497927e-02 1.933218325068819798e-01 3.139995733275167955e-02 -9.829944866528259051e-02
-8.000341862207194232e-02 -1.359686816129048181e-01 -7.412470320907789401e-02 4.887527956106021282e-02 -4.823750307977081597e-02
2.228507888032017492e-01 7.748865020036949103e-02 -1.027989911263655215e-01 -1.928533607534274608e-02 -2.170649383304986135e-01
2.454863621486191166e-02 7.982252274365475575e-02 -1.154016586211230044e-01 -3.162975078465955769e-02 1.534838302525237674e-01
-6.457944167095006072e-02 -1.437016416919312811e-01 -1.030109342956830182e-01 2.838936284767160090e-02 -7.535538498203131486e-02
-9.173419817991354530e-02 -1.624041405747623235e-01 -9.814086112478191681e-02 5.458802716669432925e-02 -5.522275575841487094e-02
-4.696844270154845041e-02 -5.625261670914113998e-02 -1.020120945878341540e-01 1.702017535911594728e-02 2.997784751179197182e-02
1.749175530212661589e-01 4.812409901407892904e-02 -1.128504614917288096e-01 -2.504259182850518406e-01 -1.763241168364511613e-01
-2.455359779938068310e-02 2.211945884959497927e-02 1.933218325068819798e-01 3.139995733275167955e-02 -9.829944866528259051e-02
4.326717994931361666e-02 1.183677528160195780e-01 -1.019216667459854619e-01 -4.202190133916822862e-02 1.734131235524710990e-01
4.621026218694031240e-02 1.221159246164871259e-01 -1.141850207832525443e-01 -4.617946564150650357e-02 1.878457447369804023e-01
5.742414820856527047e-02 1.349123778773810012e-01 -1.163156709868989336e-01 -5.180408267159501007e-02 2.020134424495512171e-01
-3.597750805147020142e-02 3.651178784745792022e-02 4.256649899026754280e-01 5.905238368457503551e-02 -2.412883571011061878e-01
-7.683794216735337357e-02 -1.392907607043132601e-01 -8.903877826742614965e-02 4.440786908536863836e-02 -5.482828020374488909e-02
3.319386134988192016e-02 -7.291583269494114616e-02 -9.635443597944007288e-02 1.489146195034102976e-02 -1.310752531335371285e-01
-9.816020252729865114e-02 -1.752247963482125304e-01 -6.680501042481222507e-02 6.373405502688425650e-02 -8.371456050760790746e-02
-1.158697606001021368e-01 -2.106797529617518983e-01 -1.133591675696150047e-01 6.896454095776254067e-02 -8.487694985427302052e-02
5.699815998283545848e-02 1.310888973760442888e-01 -1.163156709868989336e-01 -5.053704442644562506e-02 1.997388036486276164e-01
-1.195284680830635132e-01 -2.184844154813873895e-01 -1.132528784042893810e-01 7.162518773441949038e-02 -9.218373974849621011e-02
2.731062554882363741e-02 7.953572803571096195e-02 -1.127301252958667621e-01 -3.111676984234477278e-02 1.529153034225506080e-01
4.959913003810309529e-02 1.252659880652643165e-01 -1.151422193593464316e-01 -4.729417245491197158e-02 1.920996045946552488e-01
4.561956319149113037e-02 1.191695586945603069e-01 -1.141808634251675059e-01 -4.507449574045523794e-02 1.859012181385511220e-01
2.404013555519516482e-02 5.884195843979537349e-02 -9.609280133733111295e-02 -4.709829814921191737e-02 1.077032804911836478e-01
5.775806481548809157e-02 1.408998956978038675e-01 -1.138752914409573991e-01 -5.258413008902914493e-02 2.041337125341321779e-01
-2.091046500638296668e-02 -1.584311655667892949e-02 -1.090936346864871120e-01 2.721772286624511358e-03 7.120379427110479220e-02
-9.836912930176322511e-02 -1.742738501230686743e-01 -1.123673667856455588e-01 5.643954891269507140e-02 -5.647003337720031546e-02
-1.132736655848152335e-01 -2.041980768286220660e-01 -1.121475384001987541e-01 6.718434579305133936e-02 -8.162004982192477831e-02
4.639314436619339233e-02 6.297021744134580212e-03 -7.418411242843411801e-02 -2.612824782505362292e-03 1.005168573602916587e-01
2.764550155278354404e-02 8.755103064879313224e-02 -1.154016586211230044e-01 -3.428927006445624953e-02 1.594115807498335258e-01
1.398969889238055320e-02 5.976089040375214684e-02 -1.157520833784045494e-01 -2.459797546682997854e-02 1.368869180067966984e-01
-3.195512089436850639e-02 -3.035026734001133181e-02 -1.094480241620169325e-01 7.593992964468901374e-03 5.655219208173795087e-02
-9.464030647472032598e-03 1.242142581197553525e-02 -1.081453683415642270e-01 -7.603188366414053920e-03 9.112230053386247142e-02
3.282386134313887427e-02 6.608450921447286963e-02 -1.052876960622773500e-01 -2.672825570272138740e-02 1.433642154453780015e-01
1.184701896728132531e-03 5.097167205124241568e-02 -9.677288016661998726e-02 -1.813542558609996386e-02 1.121453411798730981e-01
-1.163140922111988440e-01 -2.121987482367213296e-01 -1.108914536730085804e-01 6.981920354030335396e-02 -8.791146776238481508e-02
4.523548694818166349e-02 1.135044300977428311e-01 -1.102476111290665722e-01 -4.262487121339991747e-02 1.800459083841834673e-01
2.269209055824040339e-02 7.502016097506683523e-02 -1.160657592278436234e-01 -3.005385604676882177e-02 1.504613806995629410e-01
4.559303004241210822e-02 1.220164583058848673e-01 -1.158966736296993261e-01 -4.641081436151770628e-02 1.886229556388084871e-01
-6.260704859320892490e-02 -1.099059659689549523e-01 -9.855776661095952407e-02 3.666972032453439528e-02 -9.240005367547685783e-03
4.495020573705919842e-02 1.241296060592856076e-01 -1.090528541508629795e-01 -4.617119182157031210e-02 1.858180737942183858e-01
-9.345232288467915371e-02 -1.719627228932767427e-01 -8.385830333203142528e-02 5.975605942232101175e-02 -7.135056435174190470e-02
3.252345751611177005e-02 9.317613423802592609e-02 -1.093275304726369357e-01 -3.527003671549436975e-02 1.611028983623499500e-01
1.517173869630153993e-01 1.823950540768353584e-02 -1.066638492003407906e-01 -2.478014649271334247e-01 -1.848688616718966171e-01
-8.268747609247534269e-02 -1.500993370151670336e-01 -9.438968006960023194e-02 5.160325123991878898e-02 -4.575931094206081573e-02
-8.238137627756178527e-02 -1.427391355855986976e-01 -9.396501320988011330e-02 4.766927271154450252e-02 -4.215555093234826800e-02
-1.244435911577240483e-01 -2.300538366999309581e-01 -1.136344258595760603e-01 7.571112951199281127e-02 -1.000528080140450499e-01
-8.342486351993555482e-02 -1.962612908038403881e-01 -1.119906664594387258e-01 4.625731033413683913e-02 -1.003892547210911007e-01
-3.962634497794570443e-02 -4.427285359704684342e-02 -1.118679894332532954e-01 1.170295471764919680e-02 4.649287723776898695e-02
-1.241794076925953338e-01 -2.297879917724160725e-01 -1.139535679672922103e-01 7.525754810998717959e-02 -9.994280349427815680e-02
3.367157373222821881e-02 3.906748595823111153e-02 -1.029339879148602616e-01 -5.416608951484894879e-02 3.728644295737583436e-02
-1.059623628346861995e-01 -1.888747740169055833e-01 -7.446077437049467007e-02 6.592347450732025105e-02 -9.290286184529326918e-02
4.531414298269474672e-02 1.140549860239992441e-01 -1.135404363464702360e-01 -4.214132942161161882e-02 1.778406558715652230e-01
-1.106795231237709259e-01 -1.997485077937178888e-01 -1.123614163811066241e-01 6.501421400437516762e-02 -7.809245442058129760e-02
-1.090275360804101035e-01 -2.021094632204683272e-01 -7.453586444256804500e-02 7.132328689168870861e-02 -9.956105280995471152e-02
