-1.035880676876644590e-01 -2.046772818768269053e-01 -1.111640304691665360e-01 5.714521731320969244e-02 -8.585801779070516282e-02
4.796641232903754715e-02 1.129447905804209507e-01 -4.331110618561247183e-02 -3.404159951357089986e-02 1.369464659446798238e-01
5.107110096605854688e-02 1.248892131951800377e-01 -1.127220453651991000e-01 -4.708536144824226888e-02 1.900895274291052595e-01
-3.327930125936492955e-02 -7.024336867485246605e-02 7.393262827322885644e-02 4.438187020741923144e-02 -8.017456982043583147e-02
7.920132757091012665e-02 2.461455084927446912e-01 -2.725546856605734480e-02 -7.513048818810654297e-03 -3.120184557082250967e-02
2.977745476929392898e-02 9.025233700212340060e-02 -1.110607086504970392e-01 -3.444447990993185216e-02 1.571030018349055535e-01
-4.678894761800817675e-02 -6.868925796596840605e-02 -1.000953569098088775e-01 2.103961055029352628e-02 2.020635805294500320e-02
5.021326935158018645e-02 1.272399931799954309e-01 -1.114409360222295697e-01 -4.702882927541484487e-02 1.866485957947965624e-01
7.707077965223789462e-02 1.437891877021381659e-01 -1.127968534158057534e-01 -5.394369549430951677e-02 2.139570845227826423e-01
-1.040308168095512020e-01 -2.032556604629028041e-01 -1.023995154543018565e-01 5.802996747569736519e-02 -9.369868714498395812e-02
-1.085289965248897592e-01 -1.997045755377826470e-01 -1.012566080011893521e-01 6.600137035448332135e-02 -8.304278270899020931e-02
1.313724098485848091e-02 5.050496091490238454e-02 -1.029499252307906898e-01 -1.956171615489282756e-02 1.217630543293614781e-01
-4.061159992130830565e-02 -5.401865945707992611e-02 -9.630062223264715393e-02 1.743797096368548613e-02 2.832370163809997538e-02
4.405870325600257098e-02 1.070048909936678616e-01 -7.174767958685740465e-02 -3.526262919963551318e-02 1.495550389803638469e-01
6.546585654208955662e-02 1.056974877000984026e-01 -1.126943607870406483e-01 -4.125313764469747818e-02 1.869795310735623273e-01
2.780676722600675110e-02 7.382624414943686486e-02 -1.085591088041380631e-01 -2.759216130850871557e-02 1.361491336140948638e-01
-1.012636939903119176e-01 -1.776923897081656711e-01 -9.258571377599092433e-02 5.917176704255952546e-02 -7.342396560030949038e-02
3.044657795894745167e-02 9.205233700212339665e-02 -1.110607086504970392e-01 -3.506156906951453378e-02 1.584525546389842221e-01
-6.587934207952257648e-02 -1.066149973517197813e-01 -7.135946591224116842e-02 3.920449588212026465e-02 -2.677029624784833459e-02
1.146881906323407585e-02 4.818745600427135761e-02 -1.100683308434406288e-01 -1.944304939695393197e-02 1.217405028608636586e-01
4.119135458167494379e-02 1.221735135016243645e-01 -1.136674740244436599e-01 -4.498519643532578050e-02 1.820900030569346795e-01
-9.630852830983174795e-02 -1.721118544378801019e-01 -1.021324659708696680e-01 5.635039339070417597e-02 -6.142888525565588786e-02
2.807630803809611775e-02 8.826308492102263870e-02 -1.112146682085433380e-01 -3.334703036344727201e-02 1.540016152569883279e-01
5.286677712603249368e-02 1.176798895600300321e-01 -1.119108327047071416e-01 -4.415965694578973672e-02 1.855992811761461025e-01
-9.952615404594457316e-02 -1.805149030445595826e-01 -9.875365010801323562e-02 5.972253295352307478e-02 -6.877273391186616847e-02
-8.217144148984285856e-03 1.361419299410270706e-02 -1.082299665083472640e-01 -7.677391247454172160e-03 8.917007176429782300e-02
2.363488877877886751e-02 9.632292708524542446e-02 4.592518910952818612e-01 1.485371584286693768e-02 -2.534027795418670181e-01
-1.063212326732078938e-01 -1.998717423677298377e-01 -1.126553628830965770e-01 6.050418816846475645e-02 -8.226054727339794648e-02
5.347838103637556073e-02 1.367438324536762173e-01 -1.111423261326298373e-01 -5.026576783149647870e-02 1.943679288313428233e-01
-8.070172823476012836e-02 -1.499687458242328353e-01 -9.329920461163748735e-02 4.557027352822794891e-02 -5.141445394335697472e-02
-2.527056347561413077e-02 -1.971646603858968200e-02 -9.904267675997467657e-02 5.117613631630471907e-03 5.236031257094347913e-02
-1.209527270955821771e-01 -2.236418652721886835e-01 -1.126322780574136595e-01 7.329041100796007679e-02 -9.502877051000481468e-02
4.331930001284475806e-02 9.149049062829867074e-02 -1.101313654367331307e-01 -4.501810842991478545e-02 1.554008722010197519e-01
4.841617787912835813e-02 1.249655820849841781e-01 -1.105766291383684374e-01 -4.607362544448974362e-02 1.833538139951040591e-01
1.321949309438397169e-02 5.706923138761529207e-02 -1.081549798220595993e-01 -2.176601448344349377e-02 1.220201190597324792e-01
2.656241717183299017e-02 8.292025215926215886e-02 -1.143524276240550641e-01 -3.142089996876149677e-02 1.513421627969157301e-01
-1.571429085688932567e-02 -9.326239384015194700e-03 -9.198600464232370433e-02 2.831802402353283954e-03 6.634588691526946413e-02
-6.955716059730017442e-02 -1.134393441151018145e-01 -1.105054669854023675e-01 3.578583385525826999e-02 -9.583657091153285207e-03
1.704802108607195166e-02 -7.431181276697194915e-02 -1.009833980095447004e-01 -3.363105011451610754e-02 1.404177760886265655e-02
7.180528739782283953e-02 1.505111802090201567e-01 -1.132520483012803003e-01 -5.642801714409318575e-02 2.153634093038917507e-01
-8.251445781181310224e-02 -1.446288927990947160e-01 -1.122810034278904079e-01 4.473588479767051651e-02 -3.340329277857122248e-02
-3.007362794431480899e-02 -3.526259686955797445e-02 -1.110758079208707394e-01 8.502678772587972389e-03 5.433847306778050168e-02
1.004319552802161730e-02 6.481437429645622861e-02 -1.136360335855798182e-01 -2.634117809374682956e-02 1.340722641239776025e-01
-1.010488912345145623e-01 -1.792823297138856353e-01 -1.041597230452174089e-01 6.124117563015175209e-02 -7.054533007487208407e-02
-1.038235632385412360e-01 -1.866700703787199933e-01 -1.010684337810191097e-01 6.265771235095995983e-02 -7.479468059335438179e-02
-9.025773238695165152e-03 -6.022754840011523836e-03 -8.955523157058266348e-02 2.084908020852762126e-03 6.850960533919799034e-02
3.285019687682308454e-02 8.456608317042990652e-02 -1.106490884471463543e-01 -3.211986306507870481e-02 1.536897823425966425e-01
-9.964741948531339460e-03 1.386703880841016340e-02 -1.101326937362429870e-01 -8.444190827046270734e-03 9.169688673433258608e-02
6.519132018142494156e-02 1.539069716521906106e-01 -1.140394217121831200e-01 -5.699713767536273429e-02 2.133190149227063293e-01
-6.149550551339608151e-02 -1.063814067795283563e-01 -7.730940579273917757e-02 3.813850399518719375e-02 -2.405100496427728732e-02
5.966999028418916440e-02 1.249200713654904649e-01 -1.128066432891607906e-01 -4.736980169023210369e-02 1.950565891600221646e-01
-1.120399275100727871e-01 -2.068501710717323139e-01 -1.018811552135978626e-01 6.809314613713662867e-02 -8.957698039575877347e-02
-1.059105003238430820e-01 -1.946781313237243571e-01 -1.064158017493690433e-01 6.465369494164513453e-02 -7.941780072261080126e-02
-9.389954168269853962e-02 -1.700335828584307318e-01 -9.874615871288770774e-02 5.666418782560377065e-02 -6.127332976966738676e-02
-8.027679547765936841e-02 -1.592748938042424789e-01 -6.513855709245167103e-02 4.423062732263625951e-02 -7.087522058308796946e-02
2.884256050875373678e-02 9.722678880178628469e-02 -1.119505656984336739e-01 -3.584741521969177919e-02 1.586857635777951803e-01
-1.805708838962440804e-03 1.867941713310667523e-02 -9.257298839857638906e-02 -1.189570161203948491e-02 7.893888754782926731e-02
3.733810655962681302e-02 9.900750492619678211e-02 -9.450839670132277215e-02 -3.546297221630305418e-02 1.507044140133331489e-01
7.164015512414564912e-02 1.178658063092042074e-01 -7.069351985774682823e-02 -4.581860474447378012e-02 1.413407439613821037e-01
3.293061565213245556e-02 8.596333465960565023e-02 -1.065384359598919028e-01 -3.187602293507306450e-02 1.518287655530125568e-01
1.241060722272793043e-02 4.515153087877907950e-02 -1.062191225937099415e-01 -1.768193517167319928e-02 1.179961329544877008e-01
3.665465987820495930e-02 9.507696862211034716e-02 -1.087142501031436587e-01 -3.508587649389555835e-02 1.595220244953857724e-01
1.871277285390393619e-02 6.407262706190033907e-02 -8.984912178473933309e-02 -2.319330529583994022e-02 1.240777361989931910e-01
2.549238540368359285e-02 8.128841760215138601e-02 -1.039272323068982234e-01 -3.000757167548422782e-02 1.453737529256510508e-01
2.371510385294831741e-02 8.213797507645057006e-02 -1.095848198657953243e-01 -3.237295404029088414e-02 1.468423582165341579e-01
2.984365968920729695e-02 7.536773713273356434e-02 -1.661483023415270821e-02 -1.879902129283889112e-02 8.621358868074972814e-02
-1.207692737717991072e-01 -2.268074361973395625e-01 -1.126265322167920996e-01 7.456981602240131402e-02 -9.627723856933528834e-02
6.914915696039578008e-02 1.474532601965731493e-01 8.521166966909701768e-03 -3.346663578808754119e-02 1.128361955531014954e-01
7.391653164846913315e-02 1.503327211765043692e-01 -1.132659090179807676e-01 -5.659313725649662424e-02 2.166348696202457791e-01
7.343611998950269615e-02 1.292568987408469761e-01 -1.024682282727193833e-01 -4.852126441424201020e-02 1.993813872107031426e-01
4.634846557563072900e-02 1.061529266016709439e-01 -1.116245388598173793e-01 -4.044716528949200002e-02 1.764889166499851170e-01
-9.352098585245133266e-03 2.441226939326431727e-02 -6.976054475853946113e-02 -6.027184926998571321e-03 7.276270063514626851e-02
4.729394535269031141e-02 1.059732617305618463e-01 -5.702667154307263647e-02 -3.322147020674696971e-02 1.414391904051657822e-01
1.404821072800446768e-01 9.348869143634003231e-02 -7.872678852090889134e-02 5.772533043264641700e-03 -9.354079655548956651e-02
2.976733196381584068e-02 1.043300212125777005e-01 -1.148425680386182812e-01 -3.892097821857123940e-02 1.656034494361084963e-01
3.440713922868531005e-02 9.457199395996376823e-02 -1.111442736683863619e-01 -3.564665492188270890e-02 1.601854054702820107e-01
-4.424475878052635397e-02 -1.141005915069876614e-02 2.226636132449160976e-01 4.807102323322014897e-02 -1.490905901766483854e-01
-7.455967695374191018e-02 -1.225056134481690706e-01 -1.128462679726226769e-01 3.699424410212624054e-02 -1.719412135412435108e-02
-3.076813115884034083e-02 -1.415143955201862702e-02 -9.484731450237965378e-02 3.649924966804447835e-03 5.789436233094243101e-02
4.090595599930080262e-02 1.124266075345621008e-01 -1.091037150750366891e-01 -4.069789837387689097e-02 1.687980299006155427e-01
4.378520998583954049e-02 1.165981298073409667e-01 -1.090075612288828322e-01 -4.217749258124033063e-02 1.726605079642306861e-01
1.490007717735490622e-02 4.953613902097469407e-02 -1.089770297344673927e-01 -2.299296240693580323e-02 1.261405583189030843e-01
3.028491266785564295e-02 9.335710736377378360e-02 -1.125569888634795901e-01 -3.531830965576075732e-02 1.599235878063499372e-01
2.066715396273727245e-01 5.866880234894756435e-02 -1.152100666918390165e-01 -3.142666314659911531e-01 -2.026240726947640125e-01
-3.352123620846378382e-02 -3.636637147143377546e-02 -1.039862553885102237e-01 9.706565098009550460e-03 4.783987656801111377e-02
-1.884251765980660132e-02 -2.213976683489470715e-02 -1.127436155832727549e-01 4.762738623421206019e-03 6.910414286599363132e-02
-1.003762232623974932e-01 -1.870297301304567616e-01 -1.012591804250939642e-01 5.680546907658252237e-02 -7.901472301630389772e-02
-1.009996090567614330e-01 -1.778068582194436420e-01 -1.104497688358489077e-01 5.773419323114458573e-02 -6.183241908635042638e-02
2.100057097872940620e-02 7.430422111709655830e-02 -1.008136796903932458e-01 -2.739811444597601425e-02 1.370047606701334242e-01
-1.246744461570272952e-02 1.031881699597277796e-02 -1.145340545204265176e-01 -8.032272688218025994e-03 9.357485465101633704e-02
-2.496708464087359775e-02 -2.069455263636431341e-02 -1.026453149772510870e-01 5.856112524770489339e-03 5.650344378413607593e-02
-4.665319925521317634e-02 -1.072321764975346231e-01 -8.690128318422186970e-02 3.501960154420486609e-02 -5.772842776471043963e-03
-2.231422894353882538e-02 3.786072466908867173e-03 -9.926748775226551524e-02 -2.835438423022546700e-03 7.352706440615495997e-02
-1.081535104145853465e-01 -1.919121882644202748e-01 -9.147762804909823076e-02 6.602358112239666010e-02 -8.435135009786441651e-02
-2.295257619444702329e-02 2.253108099577669221e-04 -1.106290343756391736e-01 -2.430224424367658995e-03 7.616176304015613574e-02
5.357194783115808157e-02 1.379894154594655808e-01 -1.112185753264039456e-01 -5.083500536115764107e-02 1.955637264255703778e-01
-3.644728120756896700e-02 -3.370032810746231844e-02 -5.800918880239729764e-02 9.021657054579329538e-03 2.663516203447379924e-02
1.305168913286000598e-02 3.930781681836405944e-02 -1.133736935552336345e-01 -1.836962597408218351e-02 1.206794213107918734e-01
3.746759549895220531e-02 7.334000848864702382e-02 -8.963996150517777872e-02 -2.724500501100295818e-02 1.377237572610218730e-01
-1.485795795347195913e-02 8.301403372821020143e-02 5.022638032496957727e-01 5.345940944275077988e-02 -2.506736423526301771e-01
4.172598491723811254e-02 1.135739117408871568e-01 -9.107362979368552325e-02 -3.944543607429285004e-02 1.638227132759892124e-01
-1.102837575049442492e-01 -2.017018684736709977e-01 -1.085304828252446618e-01 6.669908262666415788e-02 -8.072058119319051872e-02
-1.150004796082255004e-01 -2.137555207940608493e-01 -1.117478621421667678e-01 6.972848182240230785e-02 -8.848780603010344969e-02
-1.253713679996849018e-01 -2.346939128897344018e-01 -1.118358728761327525e-01 7.732146736636660855e-02 -1.037841825906482968e-01
-9.426070545219573937e-02 -1.690551910415692971e-01 -1.009319272723643440e-01 5.541141861993642559e-02 -5.999400916170034848e-02
5.286110834696806926e-02 1.225567134672920777e-01 -1.123303564972781138e-01 -4.607518147465048536e-02 1.897022975960663549e-01
-4.290223732527723155e-02 -5.663748493339063744e-02 -1.085011734702778508e-01 1.755471025145848019e-02 2.668035776191091807e-02
-1.084060444209743040e-01 -1.992023084213223327e-01 -1.005697936502332329e-01 6.686237882507900521e-02 -8.307703297877447324e-02
-9.095695904831284373e-02 -1.536108823248424626e-01 -7.895767972834449866e-02 5.844749414066869458e-02 -7.221389044290288384e-02
-8.120002580648705282e-02 -1.415341661585098887e-01 -1.120120894611285889e-01 4.071832160400441075e-02 -3.602051682084105033e-02
3.722927716751964211e-03 3.410709136397711144e-02 -1.094362060067519543e-01 -1.420713610531676614e-02 1.059835051737549327e-01
-4.804005418749706519e-02 -7.438270439388798561e-02 -1.108945262274352028e-01 2.234110607869070966e-02 2.420492525517525806e-02
-7.279137024638324127e-02 -1.851631565714056682e-01 -9.949026682487496775e-02 2.454164685434545232e-02 -1.049445107562937823e-01
-7.987429753035837909e-02 -1.831310100376460637e-01 -7.313672619272248987e-02 3.485369478327059178e-02 -1.321486715325433936e-01
3.628927666524850437e-02 9.059884478932295204e-02 5.805313552355625961e-03 -1.251250176901086940e-02 6.453727532160101477e-02
-5.330173811902423620e-02 -8.290138732393470544e-02 -9.183164282714999238e-02 2.762209101900286318e-02 2.707538222705724307e-03
5.129118581826182244e-02 1.289553485311488723e-01 -1.103802079906124750e-01 -4.761555325076530926e-02 1.876094217332800740e-01
-2.100552279790965024e-02 -4.756667677000538108e-02 -1.012434013676915684e-01 -5.137909674366029564e-03 3.224748252744705224e-02
3.377280142375066463e-02 9.391842014349824352e-02 -1.109073735062788557e-01 -3.585489044299912387e-02 1.580937089935421092e-01
-7.308259982976587910e-02 -1.231375151965326542e-01 -1.074335614007092682e-01 3.910583240058958937e-02 -1.851236312291577521e-02
-8.374023032971983360e-02 -1.664961549435678145e-01 -8.953376022139511448e-02 3.497646756563577153e-02 -6.097697185000390541e-02
3.830236005937576182e-02 9.163843695377327236e-02 -1.075699401055918436e-01 -3.575504267248062751e-02 1.425240367662458096e-01
8.432748565310078936e-02 1.535066512544284723e-01 1.525233891405687880e-01 -1.859528474792287306e-02 4.173988652924718462e-02
-8.074613009078629444e-02 -1.383750332137389238e-01 -1.116839875545707766e-01 4.436912887830719160e-02 -2.984380562608736007e-02
5.457465104130751476e-02 1.343366918184435710e-01 -9.477007661397171545e-02 -4.721909983293205021e-02 1.846787289963199574e-01
-9.997086692840367883e-02 -2.015477303551228005e-01 -8.814198905569760323e-02 5.964627164652783892e-02 -1.007621782478113903e-01
5.175121225740486608e-02 1.274498088401877782e-01 -1.111226367504419277e-01 -4.713541843364640188e-02 1.873264893569823175e-01
-8.621140460357887281e-02 -1.631999445460968201e-01 -1.018872270537899555e-01 4.462170842188319803e-02 -6.536407649214032167e-02
-1.858820614363335122e-02 -1.136820237562692626e-02 -1.079784160192028414e-01 1.553830418160567772e-03 7.293747707929103263e-02
-6.191233425076504704e-02 -1.277562518079988496e-01 -9.840447299816529325e-02 2.712160174903216828e-02 -2.918814042352030000e-02
-8.557195558145002517e-03 5.555946438431345891e-03 -9.999584188700075260e-02 -3.068428477273201643e-03 8.107237852761442487e-02
-1.116744533162520037e-01 -2.031806923341019921e-01 -9.147174293813345458e-02 6.938585333144316192e-02 -9.187367881319444263e-02
-8.396880251217700430e-02 -1.435480788903324978e-01 -8.704770575572133573e-02 4.934787210374029509e-02 -4.746811457406811818e-02
-9.009087508781221665e-02 -1.881394163551034227e-01 -8.753653197760073723e-02 4.611405230732325278e-02 -1.028566807401143507e-01
1.266570608713480511e-02 5.873624173371252283e-02 -9.951518961978950140e-02 -3.140721711139746186e-02 1.155962678367097041e-01
-1.039449809392920948e-01 -2.090458450920472666e-01 -1.107933108816462481e-01 5.813003889417772685e-02 -8.569219151310360216e-02
-1.148116861661457322e-01 -2.099110339640348211e-01 -9.948374576835726513e-02 7.094198178266065968e-02 -9.204307877363833434e-02
1.919324576950504069e-02 7.275042936264383697e-02 -1.104758953516656178e-01 -2.769641412353295723e-02 1.410016092066900262e-01
3.706852467200476287e-02 1.030370251132044501e-01 -1.108636442325193761e-01 -3.875691195645836196e-02 1.676242673200881161e-01
-6.685282875455630935e-02 -1.211298881574966457e-01 -1.073787842745025783e-01 4.043802649204618349e-02 -2.593749527386085205e-02
-1.053114472622784931e-01 -1.966571905923047148e-01 -8.692476891529432592e-02 6.698979694203895108e-02 -8.838192126865858367e-02
5.553166141630541675e-02 7.943763992593119716e-02 1.232004005444611860e-02 -1.123856090175838346e-01 1.673238855007723735e-01
-8.848902980815197272e-02 -1.553813634909525787e-01 -1.077748950845296705e-01 5.068739771172357106e-02 -4.559561500736888928e-02
-6.568282983188616919e-02 -1.080821108740734060e-01 -9.999853474815627308e-02 3.672694995251974542e-02 -1.382289739391217090e-02
-3.513422569281833552e-02 -4.036621167472956989e-02 -1.045467006080249561e-01 1.208109746790021581e-02 4.400279178621485654e-02
-3.423509312134350585e-02 -4.446030234201950315e-02 -1.092824618656828978e-01 1.363653289424696102e-02 4.336767644013813511e-02
-7.410777101018714563e-02 -1.985921738860948471e-01 -1.063384917680153391e-01 2.694398480432937115e-02 -9.403168002846838680e-02
-9.940824328619024541e-02 -1.738986470188348676e-01 -9.378862644338936683e-02 6.021435479425396586e-02 -7.025033256613870403e-02
4.420865712179083973e-02 1.113067102741931158e-01 -1.125029778998742069e-01 -4.397638689397497663e-02 1.776001153295154456e-01
-1.137074276910571141e-01 -2.095306416328262811e-01 -1.111494786896850828e-01 6.887031722267186740e-02 -8.462636410018745114e-02
-7.458590472486648082e-02 -1.286741053722892103e-01 -1.066205775396377314e-01 4.145084048118063275e-02 -2.452539556321571210e-02
-1.132503062735669697e-01 -2.075547765130897060e-01 -1.094807432126206487e-01 6.861240162725742997e-02 -8.491982693660381221e-02
-1.081938711211323928e-01 -1.993426321442001437e-01 -1.111056223949113825e-01 6.291794180594334485e-02 -7.475405207307567190e-02
-1.095402551519743251e-01 -2.207827802903581382e-01 -1.100853941172715567e-01 6.292995047047507395e-02 -9.624834197654107137e-02
-1.055421466048416523e-01 -2.119096673320332858e-01 -1.115157456221060744e-01 5.942495614140113486e-02 -8.816393257840617059e-02
-1.075166852509574500e-01 -2.167862105419098018e-01 -1.115157456221060744e-01 6.110397502382751422e-02 -9.191642014730551369e-02
-1.180639073558671787e-01 -2.182140530510780219e-01 -1.093044628719567479e-01 7.224355076410390875e-02 -9.312424195965171569e-02
-6.858234789031567025e-02 -1.343654860631094683e-01 -1.015273736372360736e-01 3.446191369029089069e-02 -3.283088208809825659e-02
-4.112442099425707431e-02 -5.464516975694833079e-02 -1.083938477899903108e-01 1.555403078338133196e-02 3.531788242537819283e-02
-2.647563527862639016e-02 -3.105613230484257845e-02 -1.121585135876648071e-01 1.894523663157302029e-03 6.554361842898087653e-02
-9.232299926001055757e-02 -1.593083318671632831e-01 -1.059839371853423806e-01 5.158611746124319719e-02 -4.886520468146152152e-02
-2.288412489578784542e-02 -1.328743397186213371e-02 -8.765260520511510001e-02 4.304665403358183713e-03 5.651473290006266137e-02
-8.555899368397101856e-02 -1.526600585510075603e-01 -1.093193874154732570e-01 4.985666824828757088e-02 -4.110750800538003069e-02
-4.034922900953459568e-02 -6.196044366733779313e-02 -8.734360263287915815e-02 2.104461763629197901e-02 1.942535146476125768e-02
-1.033791794605150999e-01 -1.807294374222131739e-01 -7.697325162684168220e-02 6.653839456080863635e-02 -9.319682261514269928e-02
3.520536098689823479e-02 8.515816172686838104e-02 -1.023182611525211977e-01 -3.207327852323879624e-02 1.538182771961172646e-01
-1.181533199848793375e-01 -2.183918991334853899e-01 -1.013404191963207940e-01 7.306076408881430340e-02 -9.773462037889342480e-02
-9.566585998209871378e-02 -2.113285332646791248e-01 -1.001588437645676011e-01 5.058143957043814004e-02 -9.582050502647297685e-02
1.554874536298506138e-01 4.602699581528549994e-02 -1.129702568136302793e-01 -2.478554236432487234e-01 -1.569659286596176984e-01
-8.217744569943939703e-02 -1.436126923914741449e-01 -1.017748642270073778e-01 4.698956894382615157e-02 -3.618749512302958660e-02
-1.114520696756766960e-01 -2.062272016530621033e-01 -1.095251482658639031e-01 6.753025132879422743e-02 -8.409074015306693128e-02
-3.316516269857653493e-02 -3.912821313031193682e-02 -1.115585068078895903e-01 1.079724700009841720e-02 5.161092959350895015e-02
-7.694143663966844515e-02 -1.329003322940914555e-01 -1.073540972560956402e-01 4.263325130446837113e-02 -2.708774796768786616e-02
3.491932834612265779e-01 -2.004138664588673013e-01 -1.041485321554661420e-01 -4.112077646787425378e-01 -1.559293783536982170e-01
-1.253713679996849018e-01 -2.346939128897344018e-01 -1.118358728761327525e-01 7.732146736636660855e-02 -1.037841825906482968e-01
4.620880392344975385e-02 1.108603971893845352e-01 -1.123118174497307747e-01 -4.139544134852382595e-02 1.779315623545967284e-01
-1.061699761577429429e-01 -2.134013711141981851e-01 -1.113994665523386218e-01 6.003391015330978436e-02 -8.919365041969730401e-02
-1.220550726229437943e-01 -2.298458060300205275e-01 -1.116304709835286707e-01 7.632605572575994202e-02 -9.998606196930603929e-02
-1.240009587808289793e-02 -1.024300426812886633e-02 -1.119307631764196176e-01 2.292833890413341347e-04 8.036655000085106415e-02
-6.990325285647122633e-02 -1.225823313715092289e-01 -1.057785140903035881e-01 4.213054207731454365e-02 -2.318571237067710775e-02
-9.942598562636821569e-02 -1.712805695585299659e-01 -5.965120891520184210e-02 6.212220932167589887e-02 -8.869474080232887803e-02
-9.103975203255829096e-02 -2.044293299776682449e-01 -1.120782197302466476e-01 3.605098901131691125e-02 -1.169608007228126190e-01
-8.889616162099214791e-02 -2.014326686643616304e-01 -1.026556802628220966e-01 4.730141537926114970e-02 -1.228449290546322070e-01
-1.235385227496165333e-01 -2.308404877968104063e-01 -1.117149772317207745e-01 7.600982653026691627e-02 -1.005976271124362498e-01
-5.636360818683544549e-03 1.540915458160146273e-02 -9.932506980390296003e-02 -6.678397499634126586e-03 9.019979178396743402e-02
-7.032229176375665025e-04 3.789354792458771853e-02 -9.535363662779580696e-02 -1.356503961475265772e-02 9.489641858780242800e-02
-5.905545775120675522e-02 -9.485520747711048695e-02 -1.116065485891067910e-01 3.004710929280387383e-02 7.715580262005881061e-03
1.559561679512861537e-02 -3.212237273986853769e-03 3.418030000876426389e-01 5.592140855548687756e-02 -1.738623867092984887e-01
-9.615055794592401728e-02 -2.092507585490968325e-01 -1.120782197302466476e-01 4.208418343100015641e-02 -1.154851530274635107e-01
-1.028968773631751404e-01 -2.254086693707747779e-01 -1.116016167137728748e-01 5.108451985777724691e-02 -1.137819979163654516e-01
-8.779558550448565701e-02 -1.562529027474279242e-01 -1.098348065549429597e-01 5.026020443170109431e-02 -4.583320605334648135e-02
-1.259652933662092078e-01 -2.356210463319926285e-01 -1.109969846827743856e-01 7.790564941722805115e-02 -1.047819772953778733e-01
-1.180197354081701649e-01 -2.227060161428925100e-01 -8.144926743301358907e-02 7.484673414528310309e-02 -1.092618606454773406e-01
-7.196071017480745735e-02 -1.182674078812532559e-01 -9.205583356283823793e-02 4.062152366095043293e-02 -2.322729421852930479e-02
-2.375543679305895661e-02 4.589308308170628181e-03 1.708870768816717900e-01 3.455777606113517170e-02 -9.310782415883922525e-02
-1.066619801943266416e-01 -1.944582111582158213e-01 -1.097430000950075091e-01 6.361761049134678769e-02 -7.335303708994807270e-02
-1.081188160147352612e-01 -1.997499248948268746e-01 -1.064223056236993509e-01 6.478072117647853956e-02 -7.759779638236259658e-02
-1.105517510988016927e-01 -2.030213927878615765e-01 -1.101801408621011780e-01 6.607951038514826847e-02 -8.075314917496378975e-02
-1.204903448514764303e-01 -2.246685839119992312e-01 -1.104502028585494233e-01 7.398469421940265245e-02 -9.690967478610347519e-02
-1.006687142962208251e-02 -3.973914808328565806e-05 -9.844407191819297409e-02 -1.608215204986719951e-03 7.740647823797287830e-02
-3.416947443936577122e-02 -2.812163958287214674e-02 -5.817312322862680518e-02 6.937072379970746563e-03 3.123521404455104761e-02
-1.253713679996849018e-01 -2.346939128897344018e-01 -1.118358728761327525e-01 7.732146736636660855e-02 -1.037841825906482968e-01
-9.759275095742091233e-02 -1.826853254811100224e-01 -8.824991428284226225e-02 5.292041018759225529e-02 -7.720212273236436162e-02
-9.216747966043750684e-02 -1.844223789963091720e-01 -7.544616807234931499e-02 5.540055323013065580e-02 -8.779629060177927824e-02
-1.282620857503532774e-01 -2.409175247467910952e-01 -1.113324091954656925e-01 7.956026060499156449e-02 -1.089678435390502992e-01
1.612051659892824174e-03 3.230185126427535108e-02 -1.096274464011727234e-01 -1.362573065726269302e-02 1.084044370081763825e-01
-8.356796111990355547e-02 -1.406029607661256342e-01 -1.046352000039147689e-01 4.713116358785517795e-02 -3.515184023515538492e-02
4.439972860213989292e-02 6.873623793953989591e-02 2.018469370293170806e-01 1.594476239240264631e-02 -4.639102296935505854e-02
5.552430659365642507e-03 2.882157564081001128e-02 -1.116949000943540105e-01 -1.334379256842305010e-02 1.117705557522323395e-01
-1.045947489364472266e-01 -2.088053812067096060e-01 -1.121049519420367069e-01 5.830488583385327189e-02 -8.565982100481070449e-02
-1.203871995890657132e-01 -2.231153689333880974e-01 -1.109895689561018056e-01 7.349097121644410091e-02 -9.525718463754172249e-02
-8.177253668625963923e-02 -1.827627066869489947e-01 -1.021310874781867634e-01 4.117275731893980245e-02 -7.211905343390309642e-02
-1.178116305010466353e-01 -2.155129102650661932e-01 -1.124959394357862574e-01 7.113944756315991602e-02 -8.967546519615440803e-02
-9.465203862343264662e-02 -1.721868041409170547e-01 -7.074042360794799422e-02 6.202571103479220804e-02 -7.949951542484098854e-02
-1.059913150856903186e-01 -1.928092450928853008e-01 -1.086733817015185649e-01 6.376865597377733008e-02 -7.380813757828524890e-02
-9.154814781626793851e-02 -1.973154652301881973e-01 -9.208752876657930186e-02 4.069283347821123914e-02 -1.186681123776643643e-01
-1.191854882511553387e-01 -2.224033824399833381e-01 -1.116616969956171629e-01 7.268753007931866295e-02 -9.459920076778631504e-02
-1.205455929160908629e-01 -2.249221896774229457e-01 -1.118930379655382057e-01 7.341677414990216421e-02 -9.664674782184221047e-02
-3.947310366685019556e-02 -1.540613686589150655e-01 -1.114085435271171820e-01 -7.567773706962847499e-03 -7.578502361170939838e-02
-1.259652933662092078e-01 -2.356210463319926285e-01 -1.109969846827743856e-01 7.790564941722805115e-02 -1.047819772953778733e-01
-9.400842336881892747e-02 -1.931246281007632515e-01 -8.243312953568450452e-02 5.013725116670587900e-02 -1.085110547467992570e-01
-4.169649875028866304e-02 -5.761422853370243985e-02 -1.023519059610579346e-01 1.760802547660314174e-02 2.822984274219695472e-02
-1.037277854551038880e-01 -1.958584300415414647e-01 -5.228339159872424924e-02 7.133543690249119495e-02 -1.067100884847104886e-01
-1.006169651912313528e-01 -1.940588663928427826e-01 -6.261397011112085353e-02 6.511220017842815622e-02 -1.044142365268159595e-01
-6.073807385784419505e-02 -1.270278302715593666e-01 -1.371620250543688357e-02 3.733273431358988259e-02 -7.182369075007170867e-02
-9.360220138334553186e-02 -2.134411980727237701e-01 -1.124447008497841266e-01 4.521964405541476634e-02 -9.553530723238772004e-02
-8.330679461279366649e-02 -1.477700731792708500e-01 -1.129537896401674457e-01 4.724822796590601864e-02 -3.348120599555451382e-02
1.091322406236038683e-02 4.766665191112005179e-02 -1.052649099903031626e-01 -1.887723231318064882e-02 1.194284810812268477e-01
1.091322406236038683e-02 4.766665191112005179e-02 -1.052649099903031626e-01 -1.887723231318064882e-02 1.194284810812268477e-01
-4.724911811980313237e-02 -8.427782802915825822e-02 -1.021550252314684659e-01 2.828112360642363182e-02 6.022295594395842000e-03
-1.141595172263577679e-01 -2.123826417788127752e-01 -1.116304709835286707e-01 7.048201170199908105e-02 -8.667541573162651503e-02
-1.090812191668738829e-01 -2.055021221589191094e-01 -1.121330436701284405e-01 6.260057797643875377e-02 -8.671980856372570046e-02
-9.759332518329148776e-02 -1.745316653741240676e-01 -1.064542152230007754e-01 5.769964664173855839e-02 -6.036020793432744780e-02
-3.799217618355986426e-02 -6.779778777082254293e-02 -9.983199584729886278e-02 2.542733359208658450e-02 7.921126344033746491e-04
-6.929714683356935634e-02 -1.164267855942568153e-01 -1.071369849041577810e-01 3.761247712383423980e-02 -1.336482597406716405e-02
-1.241059504246502659e-01 -2.311580511472193511e-01 -1.120804524636525856e-01 7.607955460237772471e-02 -1.010125998441310513e-01
-6.681604633225815548e-02 -1.147123303460334254e-01 -1.089153251512664511e-01 3.718399439380917076e-02 -1.131344650707345398e-02
-8.284595214035869737e-02 -1.462447830967049112e-01 -1.063651726545310761e-01 4.864796919696735833e-02 -3.674950664913800846e-02
-8.476743070549679071e-02 -1.460555448142998869e-01 -1.096734460564836172e-01 4.875219431019247457e-02 -3.955060539949667442e-02
-7.439570970721386123e-02 -1.267207107742337746e-01 -9.445823804278803693e-02 4.383758470911476579e-02 -2.930163657230467830e-02
-3.742559087237253695e-02 -5.856507185697933798e-02 -1.001208443990424385e-01 1.342827913556425903e-02 2.560384561742889628e-02
-7.535871363908302339e-03 3.200348232495923984e-03 -9.542221804856874934e-02 -8.134778579286395389e-04 7.397418194796659408e-02
-6.089579891636179992e-02 -1.869239684550582092e-01 -1.113670538211337102e-01 2.001400311620835093e-02 -6.895874810529564747e-02
-7.212395455203310379e-02 -1.232880342014061048e-01 -1.074845710243667041e-01 4.044666557499530801e-02 -1.842939366978687751e-02
-7.122721206895411827e-02 -1.085329957832652792e-01 -4.114002867845371891e-02 4.387668332224541057e-02 -4.922526114471373337e-02
-7.705640222538913398e-02 -1.275531219370683311e-01 -9.710615518209546326e-02 4.295816938206698660e-02 -3.088603506079389341e-02
-1.113132505823259399e-01 -2.073843013492281395e-01 -1.011058123018941379e-01 6.882073887329145934e-02 -8.916568181280645766e-02
-7.643902821744141818e-02 -1.209309057538378585e-01 -9.015385721996875545e-02 4.319096307357794817e-02 -3.232058889877197083e-02
-7.167847828438110580e-02 -1.430748525332950216e-01 -9.488627622169139297e-02 4.716500207039683867e-02 -3.276555967269378922e-02
-6.844982298094204332e-02 -1.143886107722155709e-01 -1.055213198974781913e-01 3.467649839754452512e-02 -1.007334927605738409e-02
-1.154130727707700782e-01 -2.155025631947076470e-01 -9.171451798051127868e-02 7.343674847464651267e-02 -1.000527306468385891e-01
-5.750315690367266419e-02 -8.749571355437467390e-02 -1.076372068573969165e-01 2.739785268891907835e-02 8.822949011976600336e-03
5.304671791032826433e-02 2.340425157685443319e-02 -1.114353957789022409e-01 -8.597560748752140769e-02 4.747231969067841617e-02
-5.633111469336619243e-02 -8.560545163187952000e-02 -9.686477995831942189e-02 2.811595991238256126e-02 3.295372694475962386e-03
-8.874931195142210516e-02 -1.545066415632790902e-01 -1.022238110330123684e-01 5.215062737000220744e-02 -4.966960822353450045e-02
-9.034776488817941598e-02 -1.702732745470671438e-01 -9.498250633157043210e-02 4.833467874562080019e-02 -7.525488102635072285e-02
2.977745476929392898e-02 9.025233700212340060e-02 -1.110607086504970392e-01 -3.444447990993185216e-02 1.571030018349055535e-01
-9.286924720500436270e-02 -1.829916439306347176e-01 -1.002002458563715503e-01 4.780548945693586377e-02 -8.643890237134788102e-02
-8.747673862037613768e-02 -1.546539211721855156e-01 -9.210654905726847752e-02 5.279436386241466439e-02 -5.354402308603042893e-02
-6.398633511423476583e-02 -9.993252475575180316e-02 -1.060590336192085426e-01 3.197400671324195087e-02 -2.119861552086179518e-03
1.550910792898388402e-01 3.493383599027067438e-02 -9.407264582101806938e-02 -2.448897515403707092e-01 -1.859717223562446231e-01
2.780676722600675110e-02 7.382624414943686486e-02 -1.085591088041380631e-01 -2.759216130850871557e-02 1.361491336140948638e-01
6.028278599156403073e-02 1.352992881743468878e-01 -1.028998405081290868e-01 -4.969269830948567362e-02 1.950983721858824405e-01
-3.370126554106519373e-02 1.726365220944540285e-02 3.475318670924633091e-01 5.382948823382952691e-02 -2.006415144917025328e-01
-2.075237738597925791e-02 -6.917861125288385371e-02 -7.398913910943423489e-02 8.049185738942636614e-03 -8.441532002147170144e-02
-2.773790800003645557e-02 -1.317566274709717211e-01 -9.664703551039878493e-02 -2.106327934387433598e-02 -7.867965749628441641e-02
-8.030647623343675767e-02 -1.617025354813356741e-01 -1.038563304760211220e-01 5.033276474728948235e-02 -5.906404804409726150e-02
-1.068306755779173250e-01 -1.986504129500706595e-01 -1.067953422825608789e-01 6.539187334019844200e-02 -7.679514152424263274e-02
6.568667065063323041e-02 1.414140217166666991e-01 -1.030722543012325410e-01 -5.183260406680172822e-02 2.015582729770383497e-01
-1.039219584390552592e-01 -2.101028447125628251e-01 -1.022437827677877970e-01 5.967810607125248468e-02 -9.208076323324901336e-02
5.308762688243326422e-02 1.355601826378428076e-01 -1.134046830838444236e-01 -4.999977622461818094e-02 1.951931061457580774e-01
5.424661729046589831e-02 1.179746709659760806e-01 -1.096082086876346701e-01 -4.440234441911376090e-02 1.851770124056695555e-01
7.382974973106593009e-02 4.017039338412959487e-02 -9.430625257104049974e-02 -9.997314554583147661e-02 8.502348529927993004e-02
5.175121225740486608e-02 1.274498088401877782e-01 -1.111226367504419277e-01 -4.713541843364640188e-02 1.873264893569823175e-01
-6.621069876737915166e-03 1.041124165378474326e-02 -1.011943735111167364e-01 -5.109161959969367103e-03 8.445126263123838017e-02
-7.754699084057328773e-02 -1.542311533191533246e-01 -1.090117317496020755e-01 3.987629383714487441e-02 -4.399228803283594669e-02
-1.065019956920084110e-01 -2.059310334700977796e-01 -1.102891524346222285e-01 6.714578533909090763e-02 -7.810737150465404954e-02
2.247443596475441618e-02 2.244822809125610746e-02 -7.269209382314791024e-02 -8.886059264880589656e-03 9.475579069936361509e-02
3.044657795894745167e-02 9.205233700212339665e-02 -1.110607086504970392e-01 -3.506156906951453378e-02 1.584525546389842221e-01
3.044794993723753951e-02 8.847140830156163815e-02 -1.112551812671298962e-01 -3.370931247893636795e-02 1.574788773262325581e-01
-6.288028143549215243e-02 -1.014329509590538164e-01 -1.067824541659588289e-01 3.281425412989174423e-02 -3.893938585281166848e-03
1.509925470012849630e-02 5.785731303531344710e-02 -1.109081775110363072e-01 -2.437229316784347843e-02 1.312246533966934803e-01
5.028047109510863644e-02 1.002285721133746865e-01 -9.883896731252751755e-02 -3.669426432516100650e-02 1.667357906028374415e-01
-4.624273577371804805e-03 3.941288599319745650e-02 -1.096432181110849335e-01 -1.977233225683240614e-02 9.989920416809745796e-02
-9.343803475674926362e-02 -1.772172940282773501e-01 -1.057121000682204187e-01 5.323618745472862013e-02 -6.402958267190103636e-02
3.551492527821503709e-02 9.679132867929843287e-02 -1.110091385332512282e-01 -3.640404039568606587e-02 1.619369838008115625e-01
3.376355565798695724e-02 9.763321688424544953e-02 -1.016430857345810707e-01 -3.566336860775621426e-02 1.588651170171633542e-01
5.635957313918184275e-02 1.371201376405657701e-01 -1.122036547879936424e-01 -5.126964062050835130e-02 1.995675611569930064e-01
-6.964520877505114838e-02 -1.179918595915469409e-01 -1.047085419307552945e-01 3.957250512448611673e-02 -1.642007790204069381e-02
3.123903931416803503e-02 1.023102525151436681e-01 -1.132996638678884921e-01 -3.873968692886142068e-02 1.652478412927796958e-01
-1.117565875357157124e-02 1.201761599903630046e-02 -1.087524613350711045e-01 -7.366521515699145720e-03 8.836756230931004652e-02
-9.442391851183726259e-02 -1.915661573841297427e-01 -1.063199384948487480e-01 5.268744213449316066e-02 -7.611579295711684567e-02
2.154692243005050523e-02 6.862803957428989521e-02 -1.058114620881348555e-01 -2.430057735647134926e-02 1.298572587738123230e-01
1.594131914470619527e-01 4.600069770662635477e-02 -8.654705755258873534e-02 -2.447348922464224474e-01 -1.605145155506454424e-01
-5.947956760625598693e-02 -9.033752546022889851e-02 -1.111349601626135941e-01 2.954644331428583209e-02 5.199230516306677097e-03
-7.825084746566632332e-02 -1.569821946005898472e-01 -1.005428177110988530e-01 4.249122544302740695e-02 -5.174786258311910025e-02
-1.137757144865274295e-01 -2.172120118540067368e-01 -1.111916630413265217e-01 6.648219608843169981e-02 -9.592337246911544768e-02
-1.032566126060458500e-01 -1.987695042591878514e-01 -1.002837988776125039e-01 5.570851564288321900e-02 -9.236040325623798286e-02
-3.165079790144346983e-02 -3.116626597238489685e-02 -1.122518551583967239e-01 2.718532528898687933e-03 4.960691749580177501e-02
-1.118274809205994508e-01 -2.131578675607549989e-01 -1.118478734440886968e-01 6.497338707105505817e-02 -9.246223967903470509e-02
1.372115433219188441e-02 6.332706469270650562e-03 -8.813860781305546399e-02 -4.232392156726798998e-02 -1.041158806221628014e-03
-1.010200114522521730e-01 -1.850786741819536174e-01 -8.112124526145721159e-02 5.908673487890894055e-02 -9.068057746386197493e-02
3.377280142375066463e-02 9.391842014349824352e-02 -1.109073735062788557e-01 -3.585489044299912387e-02 1.580937089935421092e-01
-1.021515251202775448e-01 -1.848701315361492570e-01 -1.101063699189937795e-01 5.986926374800832784e-02 -6.594818701819668560e-02
-1.955301884604790721e-02 -1.761771328533200814e-02 -1.062810378732080840e-01 4.501834572487382717e-03 6.546007293683862860e-02
-1.055792014001910167e-01 -1.933655691721684611e-01 -9.954909126087524429e-02 6.437645942632841400e-02 -7.946640049617370583e-02
-6.647772509985863665e-02 -1.060682588653464875e-01 -9.708372499714457149e-02 3.521113084665104809e-02 -1.278949536020746597e-02
