-1.013854998603561791e-01 -1.898955458544029085e-01 -1.111524760755564778e-01 5.651096232763786614e-02 -7.420611653525424622e-02
1.344303286445645146e-02 4.911111827557069348e-02 -1.088540334511061136e-01 -2.032996262040860647e-02 1.235328993916447876e-01
1.514577678538134992e-02 6.912678319449422348e-02 -1.119595255444170850e-01 -2.723537832098163469e-02 1.366487458021643231e-01
1.078783984666515511e-02 4.533659637154344862e-02 -1.034378668938853024e-01 -1.874496994982319253e-02 1.162499596720042300e-01
2.938250394626292644e-02 9.168240656829998447e-02 -1.115029282084028794e-01 -3.572693751776453291e-02 1.582057007658542458e-01
-4.858527946721123009e-03 -3.248402975398974324e-03 8.239208285124696718e-02 2.264501594678252488e-02 -3.158289676490010078e-02
5.950425697493201549e-02 1.732252962287980091e-01 -2.464629898499623439e-02 1.227454656395048777e-03 -1.249855649237781308e-02
2.181062644837309522e-02 7.469538255089855361e-02 -1.087560369133951099e-01 -2.927407376814759182e-02 1.435967775958949533e-01
-1.527535915045448445e-02 -3.731018484511426647e-03 -8.811773999272230762e-02 2.776844741043810183e-04 6.428632947342910464e-02
-1.472423686032673165e-02 -1.730658521243190473e-03 -9.593094767648271959e-02 -1.615350304990858729e-03 7.066217157397529369e-02
2.492031728481172020e-02 7.383733956802782106e-02 -1.088840351427513981e-01 -2.856034935681267539e-02 1.425526691030167825e-01
8.659504310308749342e-04 3.875264003128441742e-02 -1.102947434911266816e-01 -1.680731159830309990e-02 1.128277132243429987e-01
5.159869361307510560e-02 1.156400843356693020e-01 -1.137342602168290862e-01 -4.402761814837732185e-02 1.841230736218196773e-01
-1.002068431613094140e-01 -1.980797237649717657e-01 -9.788452353726002919e-02 5.575176526305040264e-02 -8.530435041187191259e-02
-1.024744453402925970e-01 -1.921973749393470765e-01 -1.133982401785924299e-01 6.333265202367618918e-02 -7.610388253270046477e-02
-1.772830935072521735e-02 -1.271074132223736636e-02 -7.838695191633880677e-02 4.870663894279941668e-03 5.316780265826953622e-02
3.149735449587684477e-02 9.820021139616535999e-02 -1.100345786022872141e-01 -3.783474903870693434e-02 1.613146075482497221e-01
2.249093123418739043e-02 6.201022807810901288e-02 -8.586340796359175076e-02 -2.099528200101521275e-02 1.116763712974595674e-01
2.225899258031840966e-02 7.576681112232711013e-02 -1.087560369133951099e-01 -2.964361987906286716e-02 1.444298940060688985e-01
-5.243165166461900145e-02 -8.644586323609525225e-02 -9.283536859211342918e-02 2.902417839864052801e-02 3.876913573575729507e-03
-3.587121551409253734e-03 1.433860630132064579e-02 -1.078397806065123227e-01 -8.794555841053755194e-03 9.603826566216634719e-02
3.298702334880750098e-02 1.061990645526272314e-01 -1.134667513131877026e-01 -4.018631283020880629e-02 1.689549717705062515e-01
-8.370778426418629126e-02 -1.471224610117114473e-01 -1.111829615441400215e-01 4.671225838293242144e-02 -3.446982936242969087e-02
4.718897811675289156e-03 3.870944680992594727e-02 -1.098772333664290168e-01 -1.690153642682567375e-02 1.153556113173035830e-01
4.593640422361293385e-02 9.483120128298588858e-02 -1.118639512798597635e-01 -3.732254052966390429e-02 1.698710280111883630e-01
-1.008044154675223625e-01 -1.860891706114274902e-01 -1.118934121007632149e-01 6.047245968842425434e-02 -6.448308926820021936e-02
9.896606292357439105e-03 4.689777892574457235e-02 -1.071693771547680973e-01 -1.930129479921043056e-02 1.166695041600037952e-01
-7.446613620867523209e-02 -1.672232192132235284e-01 -1.140652188352889729e-01 2.336673936705559174e-02 -8.653041013062506837e-02
4.126946463473923910e-02 1.122746923890599047e-01 -1.116161456795565776e-01 -4.245020449045129596e-02 1.749567552357057798e-01
-6.983277023744327572e-02 -1.402357630274512212e-01 -9.089723380042587231e-02 4.916459715270708047e-02 -5.319862810506009732e-02
-2.226867188543688036e-02 -2.497094305783108953e-02 -7.712481528106814033e-02 1.013292653223529967e-02 3.890973753847393191e-02
-1.247787942552520124e-01 -2.324436824312526850e-01 -1.142628894071794354e-01 7.633465210537423995e-02 -1.008500790957959220e-01
2.485608352591554826e-02 7.249958710798909411e-02 -1.032605258052461672e-01 -2.669548721538261143e-02 1.317148944709239933e-01
4.877384991077690635e-03 3.444005068496232974e-02 -1.077885567546346818e-01 -1.504696456772802553e-02 1.072369337529202188e-01
1.286440181400183569e-02 6.637310182387906599e-02 -9.249101520881397587e-02 -2.269040905465417174e-02 1.210662671803063861e-01
-2.535298688424772115e-02 -2.447380853251868854e-02 -1.104998506438792522e-01 5.037154170969799366e-03 6.462448973305130739e-02
-4.699152183478614436e-02 -6.761395960946101069e-02 -1.043949368419640339e-01 2.076618814458191034e-02 2.415079135425549084e-02
-1.001131181381114538e-02 -3.029953235925673602e-02 -1.108038983056591487e-01 -6.208787492581469003e-05 5.924424984856534182e-02
4.362808073498650185e-02 1.152869510994562474e-01 -1.126728344921891084e-01 -4.359956894326390969e-02 1.788861870560136125e-01
-4.041948629535922072e-02 -5.382644939102516207e-02 -9.964652411738746107e-02 1.433554103785486533e-02 3.539539054551679720e-02
-2.571838124666039893e-02 -1.811504225056403961e-02 -1.124433781996099779e-01 2.790958153537942410e-03 6.807651227853418752e-02
2.426469939397857267e-02 9.691898293846187840e-02 -1.144001871896660194e-01 -3.706057556014600435e-02 1.603947523482907589e-01
-1.004693037956213703e-01 -1.696584276128118574e-01 -7.776931838122111418e-02 6.510015166094655636e-02 -9.098066090886947066e-02
-9.457989282486573002e-02 -1.693172268288871962e-01 -9.115156185840961323e-02 5.827688427654592607e-02 -6.591550364866566314e-02
-1.054819570754761404e-03 1.921987039926930513e-02 -9.669721561117503028e-02 -8.191809736654722882e-03 9.159511082505819579e-02
1.966509032798666179e-02 6.997487507644220561e-02 -1.100344347642964182e-01 -2.707388624147832878e-02 1.386227549085242705e-01
8.977205541513579024e-03 5.473592756947453369e-02 -1.110736834258863881e-01 -2.213681550883987020e-02 1.241344218876949540e-01
4.962401432717633565e-02 1.307885011038026346e-01 -1.145411351798972105e-01 -4.927033926350212617e-02 1.923371865159233807e-01
-7.660999921995532980e-02 -1.641501880222880905e-01 -1.117934222387667598e-01 3.406805658224763833e-02 -6.072429827404778047e-02
-5.344671321110661122e-02 -9.136581143886596257e-02 -8.002614249568390514e-02 3.240343445294502356e-02 -9.029708218235017736e-03
4.330465143467293609e-02 1.024830184016073120e-01 -1.122240793314416701e-01 -3.959979769146444034e-02 1.731243228520461808e-01
-9.586801377626508192e-02 -1.809441190410926714e-01 -1.098498390469666575e-01 5.435442764592226389e-02 -6.778303062705980098e-02
-9.989270304770132836e-02 -1.819433956893587445e-01 -1.105953310939130352e-01 5.949027600737649690e-02 -6.278657125920632243e-02
-5.601471252220827091e-02 -1.052085710798649765e-01 -9.798754020689194599e-02 3.535246957265385237e-02 -1.422391050857748154e-02
-1.031195424484031981e-01 -1.901247727235329255e-01 -1.023705935622600538e-01 6.292288704293937107e-02 -7.303521045464481110e-02
9.211071736783094099e-03 5.426717460210892657e-02 -1.121806329497776616e-01 -2.222718553624909721e-02 1.271392217197619412e-01
2.249388751785964813e-02 5.186679007343394238e-02 -7.038852770178911922e-02 -2.619797769294891776e-02 9.821485187438992737e-02
2.681125537183200874e-02 7.466931302550752769e-02 -9.831251762353494794e-02 -2.686858340737668244e-02 1.313892890994454166e-01
1.478294752478934854e-02 5.489293208426044429e-02 -1.077517266261352469e-01 -2.079332801897283006e-02 1.218098933240167603e-01
-2.091901562728513964e-02 -3.389423356566605844e-02 -1.109941538924014981e-01 -1.274926875655558144e-02 4.216454989350040122e-02
1.589470008617004798e-02 5.651761960434268511e-02 -1.080675160998194606e-01 -2.156408075606494612e-02 1.237330829179569686e-01
1.986078804101183704e-02 6.503400083727939318e-02 -1.045962143429630814e-01 -2.785534943658782986e-02 1.298732295706774842e-01
2.842540008768152521e-02 8.634321354217466826e-02 -1.075308359709082062e-01 -3.308440058922513388e-02 1.525677558885285001e-01
3.083017917181157808e-02 9.697987228518395453e-02 -1.129743968971393953e-01 -3.721248501272229892e-02 1.621397676049630143e-01
2.745961428215733940e-02 8.058831695026183461e-02 -1.097342940377123155e-01 -3.580095440304290055e-02 1.483814089985762696e-01
1.511899951908817624e-02 6.112513809199011244e-02 -5.076552926977768304e-02 -1.623607581831450902e-02 9.516962609589058042e-02
-1.171161141401530492e-01 -2.159510101074728905e-01 -1.143384837566687739e-01 7.055784795541418519e-02 -8.756795197927855212e-02
4.346384716095280654e-02 1.108855036843880704e-01 -1.124831114131843723e-01 -4.253818082168801806e-02 1.768712237938365184e-01
3.733779102932302529e-02 6.861567694224265934e-02 -1.118655982163986873e-01 -2.886223166770288812e-02 1.506112329012333773e-01
4.346637620903998078e-02 1.094436723393606703e-01 -1.122206226289762382e-01 -4.166106232888781846e-02 1.758942681449726098e-01
2.382576804609354976e-02 8.622296205824217519e-02 -1.100848249308311322e-01 -3.329163217917514850e-02 1.500561404176330993e-01
2.813894564113720437e-02 7.874345196081170006e-02 -6.656152402565063131e-02 -2.438229912333522015e-02 1.190265238586678681e-01
1.614386930828711764e-01 8.643955763311766960e-02 -6.221949413857825323e-02 -1.836886111760138718e-02 -7.257927394744849436e-02
1.400870572001119280e-02 7.513096628181611947e-02 -9.966071405971897723e-02 -2.657047164464599459e-02 1.310274014418211508e-01
3.845057084043815299e-02 1.033542420034879172e-01 -1.118062968354421316e-01 -3.832452206852129950e-02 1.671883865842551109e-01
1.438433331663283021e-02 5.569187309052699847e-02 -1.084529176928145933e-01 -2.214738338201516221e-02 1.267983573845740120e-01
-3.257104382027872086e-02 -1.248258059454029206e-02 1.882020855691282912e-01 4.306877931662678183e-02 -1.287079605222176959e-01
-4.297740255339371762e-02 -6.310295214713193546e-02 -9.295989656356870579e-02 1.999736541076445676e-02 2.156793690242941874e-02
-4.069286824455134455e-02 -5.385979864201498324e-02 -1.019525422555395133e-01 1.461380223692044372e-02 3.483420544893277293e-02
8.809643570532987855e-03 1.967786712149706407e-03 -5.349289143674637592e-02 -3.050849835943822419e-02 3.594257679869673067e-02
2.233359882539588670e-02 7.253380271781934008e-02 -1.088835077802213502e-01 -2.798658332801567256e-02 1.400718252442040568e-01
2.884583321321170651e-02 8.539468786780948784e-02 -1.088835077802213502e-01 -3.243711173091641531e-02 1.505623144731829954e-01
4.983843281370456402e-03 3.791439450361206581e-02 -1.117392380378387229e-01 -1.870996652442589309e-02 1.138559090995526074e-01
-1.085456244078105703e-01 -2.003141376637776194e-01 -1.107646632556512634e-01 6.558362861988570325e-02 -7.859747610672235263e-02
2.239902325143482142e-02 7.773028957795469207e-02 -1.120293462142760710e-01 -3.075308922402095191e-02 1.482510872738460328e-01
1.767745671400769436e-01 5.558527860303189710e-02 -1.076314234959747096e-01 -2.755776585824123437e-01 -1.841513147974322695e-01
-2.141810242261320968e-02 -1.686633306140662703e-02 -1.065223127159538596e-01 2.482060179352952103e-03 6.633351155753926254e-02
-8.056297070946055738e-02 -1.380849341970650790e-01 -5.611692197947231592e-02 5.112665787525873945e-02 -6.382805918812149704e-02
-2.758420959826947405e-02 -3.016527708820562412e-02 -1.081301983114150989e-01 7.613316953370316900e-03 5.752196048515506588e-02
-1.150619172815754709e-01 -2.143770500709067939e-01 -9.805565648184373650e-02 7.222380505396458483e-02 -9.544874347892146060e-02
6.756112244267378775e-03 3.628408490426213856e-02 -1.046840436731149709e-01 -1.472175525197323177e-02 1.071942781533906375e-01
-2.081955669107209486e-02 -9.792265758812424004e-03 -1.085352173781682500e-01 2.561031284358597504e-04 7.407484325265471792e-02
-3.967155270129384126e-03 2.523127096176409206e-02 -6.078886856908825853e-02 -5.028680077670133128e-03 6.985100364535019868e-02
-1.289340841926890635e-02 -5.064211643245852823e-02 -9.562197664045102297e-02 1.388756731038964624e-02 4.506043977847096899e-02
-1.405899589564048313e-02 -2.056183087966727274e-03 -8.451819785023968745e-02 -8.385603981898056072e-03 5.749303293801787118e-02
-7.762453423599910418e-02 -1.353020839251116159e-01 -1.085509704348449067e-01 4.258812862314965281e-02 -2.691624416400812195e-02
4.059279587295262781e-02 1.126028402515820426e-01 -1.110834089508066780e-01 -4.264099252632818499e-02 1.754500676189185426e-01
-1.594096601932217666e-02 1.841690751748701477e-02 -1.073202607681254112e-01 -1.481562527107170395e-02 9.528795814275753395e-02
2.869792476841361017e-03 3.511320463163066646e-02 -1.015121705457635304e-01 -1.471019369997833386e-02 1.061663964821041306e-01
2.517870016970093217e-02 5.813836723946277235e-02 -9.748813950519921723e-02 -2.192497745482584193e-02 1.280689103244375682e-01
-1.099573521496886863e-03 1.143453767448757846e-02 -1.074995514278426489e-01 -7.812629329418408972e-03 9.212560776226789983e-02
-1.937693317525865377e-02 5.927269564759336112e-02 4.437316033690990036e-01 5.277547879046218249e-02 -2.298930756919739526e-01
3.039290088080702501e-02 9.377365536607645824e-02 -1.104766363538058488e-01 -3.583200360733088119e-02 1.595650699819874396e-01
-1.106019975650109760e-01 -2.036497950131194445e-01 -1.121179288218520920e-01 6.673397533126274039e-02 -7.927673553477472546e-02
-8.727981868620945938e-02 -1.630925784626705011e-01 -1.069238559969928892e-01 4.844493913141877800e-02 -5.580407553190167014e-02
-6.195563877508110384e-02 -1.254260322854949261e-01 -8.811203719578400428e-02 3.201116557263932599e-02 -3.383084157472393549e-02
3.945607171837084426e-02 9.065457016104336296e-02 -1.106451966869240189e-01 -3.494907595122463684e-02 1.617418972378268927e-01
-2.651221041826882369e-02 -4.990276438676214538e-02 -1.081662291326178776e-01 -1.238745294918942863e-05 3.213740028188022402e-02
-1.082628183051730364e-01 -2.007464454519457542e-01 -1.006389297040150843e-01 6.715441051365116099e-02 -8.489909681945097264e-02
-8.902686373116321106e-02 -1.561915643348082416e-01 -1.002703954640687678e-01 5.208738493713560569e-02 -4.889585449206364232e-02
-5.486443648283051422e-02 -8.178472963245084215e-02 -1.076327974330930498e-01 2.472306830086030971e-02 1.415946741420608286e-02
-2.863328267848092717e-03 2.004030554479032528e-02 -1.058817324900606927e-01 -1.006324097546385486e-02 9.545542000722689879e-02
-3.972179500800639834e-03 1.588963705913002539e-02 -1.100427945462816443e-01 -1.129167434323789972e-02 9.916814054241220033e-02
-8.598939031578294034e-02 -2.034789496136118203e-01 -1.145258114870406768e-01 3.898141300649715646e-02 -1.077902290707450916e-01
-7.345512612602173030e-02 -1.787411543686298621e-01 -7.581591984439386978e-02 1.964285217811981982e-02 -1.364173435859410977e-01
4.727553149579134806e-02 1.114402867286954923e-01 1.811285134056972446e-02 -1.193460097979625288e-02 5.014969533078332542e-02
-4.213982540822229506e-02 -6.225002011130149199e-02 -9.872236861371518069e-02 1.884164417080411158e-02 2.508739512974825225e-02
2.563898458473441028e-02 7.517938554934736062e-02 -1.093810740185615915e-01 -2.934501375144621393e-02 1.444483382230984381e-01
1.770525104976101993e-02 -6.047195552391664702e-02 -1.055330858813394168e-01 -4.554799958249278885e-02 1.844881550132509984e-02
2.424527692247017974e-02 7.114784278531371964e-02 -1.097642234641633546e-01 -2.770645792518375977e-02 1.400571390338232192e-01
-4.214086818925671940e-02 -6.258860814885501556e-02 -1.041544244370041783e-01 1.788021223873338672e-02 2.784151956152514096e-02
-1.206624634436926496e-01 -2.237393464753034689e-01 -9.387853280206436002e-02 7.619552748927953256e-02 -1.078585346956307811e-01
-1.097674611630220232e-01 -2.007378940599219563e-01 -8.409955271687960532e-02 6.720727885032148907e-02 -9.441928586005067514e-02
5.057341948524297914e-02 1.112919426521125632e-01 -2.062921330151901156e-02 -2.483316915392803914e-02 1.062442317976333844e-01
8.172878853706705415e-02 1.461535551346426209e-01 2.493331612368927253e-01 -7.894022683993043299e-04 -2.453967063080155983e-02
-8.787054632006266464e-02 -1.539262742701671405e-01 -9.254427548802028614e-02 5.248157233104159408e-02 -5.345605305428278997e-02
3.614911273051560348e-02 1.019736165196168665e-01 -1.112520597444574821e-01 -3.896550342977484621e-02 1.672521549081625314e-01
-1.160993603648518419e-01 -2.130847329127117662e-01 -1.109982596571948282e-01 7.087962151310769898e-02 -8.970825222786753261e-02
2.900273843588875577e-02 8.227962860609344675e-02 -1.081264629798963373e-01 -3.081720895935942395e-02 1.466637697722371902e-01
-8.200602698422952697e-02 -1.591457957184092831e-01 -1.021201114832493845e-01 4.310942817282931161e-02 -6.186151927180419396e-02
-1.055688024744897910e-02 2.838925726789620629e-03 -1.068747679028048403e-01 -3.805412958253444680e-03 8.332721545641176564e-02
-6.073443226679967055e-02 -9.373939390425174711e-02 -1.120723129626486902e-01 2.782071066878052251e-02 8.900418112055968889e-03
-8.009831850298793077e-02 -1.395602303397821542e-01 -1.054220561131883477e-01 4.516887909308034410e-02 -3.337280815808563172e-02
-1.030682043745154153e-01 -1.836479456693993484e-01 -9.043105846936370928e-02 6.277882887901262143e-02 -7.770285593369299915e-02
-7.661676659191166139e-02 -1.343683398044393518e-01 -9.672244762588443068e-02 4.080623362076229999e-02 -3.905078020663275973e-02
-9.627453733459789831e-02 -1.816979337320202004e-01 -5.120890671540914707e-02 5.836602346151806980e-02 -1.108410962458068749e-01
-8.023375012229622821e-03 2.500223101413939081e-02 -9.273060358631626809e-02 -1.427048018224721763e-02 8.488206661414371412e-02
-1.027919967118488820e-01 -1.810161117340536308e-01 -8.769456770322776873e-02 6.137928145436095245e-02 -7.686692066816573632e-02
1.843203145451031977e-02 7.107761036908635810e-02 -1.012097982615215302e-01 -2.639081756456806288e-02 1.337184946988075607e-01
-5.581923226094644142e-02 -1.036813361987561355e-01 -1.142542649653406073e-01 1.958260102134535760e-02 -1.491191278213089763e-02
-6.408207310970465143e-02 -1.183676068607194820e-01 -1.084709350955060381e-01 3.888060349176235969e-02 -1.996103222124023455e-02
-8.628278593211044512e-02 -1.528341287383004898e-01 -8.982710149234754415e-02 5.180397313962110950e-02 -5.289888553153959672e-02
3.143827201611223976e-02 3.858428339462100648e-02 -1.037245706329335965e-01 -1.011376666309787287e-01 1.914508291620500846e-01
-7.533805996877784850e-02 -1.309361410440001705e-01 -1.106392058614663748e-01 4.100763356993240155e-02 -2.146114372878548879e-02
-5.292867193251604707e-02 -8.730968533628248596e-02 -8.363846124127970183e-02 2.820508130476037656e-02 -3.931575608624712781e-03
-2.332756207128808615e-02 -2.057757699531442830e-02 -1.054996327980481374e-01 4.488872935686902613e-03 6.176708822597759552e-02
-3.490616728229579274e-02 -5.101667244662683870e-02 -8.212850730519698217e-02 1.824479186220080359e-02 2.333501277606029808e-02
-7.798231204490196911e-02 -1.320706067047060506e-01 -6.716997236338151378e-02 4.865321924690927530e-02 -5.129458217088782301e-02
3.223752797985041108e-02 9.708915237507112495e-02 -1.138526861487522412e-01 -3.738343395608638431e-02 1.644559884866989286e-01
-8.452551677233929861e-02 -1.477173287243650490e-01 -1.097389747607767641e-01 4.784931544419207539e-02 -3.783781519669468518e-02
-8.244508875836520367e-02 -1.436987292205701428e-01 -1.075025709109183741e-01 4.683667073866677744e-02 -3.587842704227882373e-02
-1.175610262799198918e-01 -2.160378889885197218e-01 -1.032085216735232486e-01 7.229076330262572403e-02 -9.524158085918683903e-02
-8.539532333399019182e-02 -1.517895247268668535e-01 -1.053702671828704307e-01 4.945835809825027685e-02 -4.350958174911871701e-02
-1.134997296478685719e-01 -2.090859170078970541e-01 -1.113880450935867128e-01 6.829209157945177744e-02 -8.390605324726896352e-02
-1.029498299987760684e-01 -1.861420244229352317e-01 -1.008880321110017242e-01 6.194928803450745064e-02 -7.356843714254833466e-02
-1.025806225361649143e-01 -1.863570700156404192e-01 -1.064966947249834789e-01 6.129936625857408672e-02 -7.023132948443494561e-02
-1.167765938193351394e-01 -2.147049349197142354e-01 -1.122534486287200123e-01 7.027025701673951519e-02 -8.804973798322496270e-02
-4.399973128379865150e-02 -1.290245685561789424e-01 -1.038261480318952296e-01 1.103642387476156880e-02 -3.050074860581470856e-02
-3.176287926582623683e-02 -3.806304613161767131e-02 -1.032284287388574029e-01 1.070019968791282965e-02 4.639104063179406989e-02
-1.182233389025620640e-01 -2.209727249133069671e-01 -1.018603114843555785e-01 7.603351337757857653e-02 -1.048927376766677910e-01
-1.856017430391224132e-02 -1.279170280598643239e-02 -1.082286713051712201e-01 1.593705758737193681e-03 7.181557512126027221e-02
-4.705135793127013938e-02 -6.933583276303430243e-02 -9.519150842395654455e-02 1.643165261953638892e-02 9.848270211290005571e-03
5.066546495189047650e-03 3.533269422955542111e-02 -7.531984799891489057e-02 -1.104907946481149643e-02 8.986431198211632110e-02
-6.185687352945138523e-02 -1.236896220357398546e-01 -1.000448454503702483e-01 4.018283780024062279e-02 -3.378372807723302451e-02
-4.711529877127003385e-02 -7.535905507296161709e-02 -1.033472727980451478e-01 2.095809761382338987e-02 1.666236883473722410e-02
-1.117151360012117872e-01 -2.065457511485112863e-01 -9.138566369013141621e-02 7.080317225902704736e-02 -9.560140354217702696e-02
1.952570226322591224e-02 6.788832716504786258e-02 -1.094049018398321887e-01 -2.675115649407582702e-02 1.373993989085938172e-01
-7.649185733747179694e-02 -1.357809639581742944e-01 -1.036313164622884586e-01 4.212781589805069532e-02 -3.052921256195352193e-02
-1.169187263882578154e-01 -2.169997105870738463e-01 -1.099977266176523499e-01 7.147981048718986263e-02 -9.122898103017311466e-02
-6.080342673442849094e-02 -1.461324601136501922e-01 -1.121617675499662209e-01 1.952680584687658746e-02 -7.085675026947915733e-02
-1.062133322877830965e-01 -2.270994292307577933e-01 -1.080691192682508572e-01 5.685184087280021475e-02 -1.131499171779653812e-01
1.972038986243697112e-01 6.950947184777486743e-02 -1.094144539426449153e-01 -2.928048565275898074e-01 -1.648204031193392927e-01
-6.893801678685515522e-02 -1.165958068504087397e-01 -8.437374777227509004e-02 3.806881863674555638e-02 -3.049260478840176355e-02
-2.281615217588650948e-02 -1.811069177045351863e-02 -1.108708726937862321e-01 3.048588102045770784e-03 6.861245012754513262e-02
-5.718706546553982417e-02 -1.003009218201758590e-01 -1.086762798624030107e-01 2.384468625938097192e-02 -8.686167983109616131e-04
4.744888261446144617e-01 -1.960838537582887398e-01 -1.044091152132673728e-01 -5.424971184313838179e-01 -1.712469840889681572e-01
4.900619060411581795e-02 7.048616285887213118e-02 -7.146920572424500517e-02 -3.724092078295795222e-02 1.250003522192751071e-01
-1.246063285800087655e-01 -2.322121095005570124e-01 -1.138601535980968693e-01 7.650932531493137567e-02 -1.008963994238695344e-01
3.061236345240049561e-02 9.047127236501742442e-02 -1.134682202625655612e-01 -3.514992694158487752e-02 1.594889558408140728e-01
-7.389861990818508142e-02 -1.120860636693674778e-01 -5.591118707557344442e-02 4.300961480646112861e-02 -4.232621864642384379e-02
-1.063013247350465401e-01 -1.977909596478548415e-01 -1.127354659970195433e-01 6.508008184574529120e-02 -7.283826379588283217e-02
-1.792860194986350270e-02 -1.613492373179082479e-02 -1.091430755725062846e-01 2.265537127461856801e-03 7.116082109819951707e-02
-6.652750056861789218e-02 -1.041271820530774717e-01 -7.918180027238416741e-02 4.314320627763473803e-02 -4.158948468414667976e-02
-1.148464863291256272e-01 -2.312969947489809386e-01 -1.095011747757413390e-01 6.331600071139106833e-02 -1.201056213902454983e-01
-1.149074057311504082e-01 -2.206563759124145763e-01 -1.084362750103689405e-01 6.574453619436075591e-02 -9.899984104450880451e-02
-6.802455305557553178e-02 -1.156100850148706755e-01 -1.050600264569347686e-01 3.769249116438193326e-02 -1.277387014461854250e-02
-4.593021359583390056e-03 1.586777456981546680e-02 -1.075787029551026064e-01 -8.120635016212155929e-03 9.413556416468041310e-02
8.298988976691928920e-03 6.960211685294501183e-02 -1.166133870554496021e-01 -2.791021713809795080e-02 1.399270065054327994e-01
-4.093033569671247762e-02 -5.818089978554363828e-02 -1.073776365915994069e-01 1.725944226249146937e-02 3.410510194012841834e-02
-1.141834547042619580e-01 -2.292969947489809368e-01 -1.055011747757413493e-01 6.317994245887721683e-02 -1.211332688774996724e-01
-1.181340678194422456e-01 -2.420060828143975329e-01 -1.085586911480513894e-01 7.011853479727027383e-02 -1.151112025663103555e-01
-1.258980114782795312e-01 -2.374356724931199480e-01 -1.090564866592907134e-01 7.593365037282198693e-02 -1.067726152725693156e-01
-3.652913079644778960e-02 -4.495953633399800420e-02 -9.107339529180288884e-02 1.504680262545433911e-02 3.468940244172993154e-02
-2.641299615977071163e-02 1.287680142281304174e-03 1.428275563998005204e-01 3.127501165115983972e-02 -7.950043327116122771e-02
-9.273578391331287196e-02 -1.677090309457781592e-01 -1.073298245924137334e-01 5.398552356610332448e-02 -5.441443319420698199e-02
-8.319756884794138330e-02 -1.456345620994524970e-01 -1.058865206301363160e-01 4.726833086136250639e-02 -3.751860463939649115e-02
-1.083323551992964873e-01 -1.978704061792480595e-01 -1.002548244786897746e-01 6.612761537945363588e-02 -8.337576617662173506e-02
-1.663560697110317427e-02 -1.367484145490763248e-02 -1.079192835672949657e-01 1.673148832619431037e-03 7.192886941395104650e-02
-2.054043164995636439e-02 7.696074184153682551e-03 -1.071869274347920786e-01 -1.031139188036804370e-02 8.602695611383237573e-02
-1.251415223816488842e-01 -2.334684120215653746e-01 -1.136276606008979895e-01 7.697479385378373784e-02 -1.020230052125797870e-01
-9.389735670729923434e-02 -1.828700649236188192e-01 -7.828993747023846317e-02 5.125750791159226077e-02 -1.002533165356866290e-01
-1.249789015134371850e-01 -2.415036466721839359e-01 -1.101549958795181028e-01 7.555429604855783132e-02 -1.168466367572328357e-01
-7.733443563740761972e-02 -1.932831886910761354e-01 -8.037677731609156606e-02 3.678224077960164790e-02 -1.117177340408385955e-01
-1.083953344383974393e-01 -2.160955505912029451e-01 -1.094549195663648139e-01 5.697676160374669924e-02 -1.072096404377204243e-01
4.102706261098335028e-03 3.924158795150926166e-02 -9.037849798751410035e-02 -1.391330548854973793e-02 1.014803750631958351e-01
-7.241499457192582256e-02 -1.129594702076622825e-01 -7.778957164916154576e-02 4.090475743562978217e-02 -3.063901253195789112e-02
5.237392992811999715e-03 6.110798423009135283e-03 -8.040060917958942455e-02 -2.464999742028831445e-03 7.940361252034150441e-02
4.052652754151515879e-02 6.855734061009410851e-02 1.164008714159278646e-01 4.206481669151629701e-03 -6.759866369337313996e-05
-5.240213515296097968e-03 1.639247391582012575e-02 -1.113395400986772338e-01 -9.303842184925732381e-03 9.811437254408829356e-02
3.594169156279844457e-02 9.500541064545631187e-02 -1.092722289786035167e-01 -3.541543666576828925e-02 1.578140828521980565e-01
-8.375966025687085759e-02 -1.903054432685280239e-01 -1.046189690970037028e-01 3.208455446746257683e-02 -1.125564552266387353e-01
-1.091739961393288355e-01 -1.991510089550057594e-01 -1.114584023569518134e-01 6.527360195905029805e-02 -7.721736966354297849e-02
-4.901136607624958369e-02 -1.601798848626045380e-01 -1.068000499029573142e-01 8.909600560140850528e-03 -5.142585576975769457e-02
-3.190320597502203925e-02 -4.334086710443732504e-02 -9.845986182437417578e-02 1.375001817289629551e-02 4.052979335151565832e-02
-9.444850234015345070e-02 -1.648357562500028517e-01 -1.016530467962547951e-01 5.495464111765612641e-02 -5.522959189850831785e-02
-1.054782795486130381e-01 -1.887225722463476418e-01 -9.522384270566747189e-02 6.333490348793367752e-02 -7.770870613490241108e-02
-7.362519637059422584e-02 -1.259014886458503235e-01 -1.087506283155482700e-01 4.025149324283002622e-02 -2.000076573995564558e-02
-1.204624253726701427e-01 -2.277421537335062307e-01 -9.276566883833514687e-02 7.360943406068892747e-02 -1.173833227109571664e-01
-1.144413984427741504e-01 -2.113993665605843342e-01 -1.113735298355879033e-01 6.930556466328162413e-02 -8.666034339991049440e-02
-5.044978167541253056e-02 -1.668595795295524653e-01 -1.113712987291029938e-01 8.592726286594602400e-03 -7.712114326049572532e-02
-1.224097068586906117e-01 -2.340637271131654207e-01 -1.126928502956543454e-01 7.388338231904999220e-02 -1.125875859832173864e-01
-1.263147917209603011e-01 -2.395693430024519455e-01 -1.095904604900270612e-01 7.919868118129094747e-02 -1.091435170990548570e-01
-2.333035061702962848e-02 -1.793142983520799871e-02 -1.045372481102376933e-01 3.440994444434129426e-03 6.281009100239685894e-02
-1.258917609980242658e-01 -2.384544781375870781e-01 -1.095011747757413390e-01 7.879190121267856672e-02 -1.084221286702556492e-01
-1.094969179421453193e-01 -2.001682880416373878e-01 -6.270255825245918402e-02 7.068686806344666451e-02 -1.055349559966836381e-01
-1.148043852735799175e-01 -2.173424990107872823e-01 -1.027025582524591918e-01 7.106630089657471616e-02 -9.297747031411524032e-02
-8.904318625560277145e-02 -1.535507860284780757e-01 -5.673927045499965044e-02 5.117599035095077992e-02 -6.986154381268726288e-02
-4.718741733400960009e-02 -1.841208324720399470e-01 -1.139365357804194706e-01 5.221733628851365182e-03 -8.270366872678373837e-02
-7.318236176573114649e-02 -1.206877196881973313e-01 -1.120544182052279764e-01 3.846489500341964546e-02 -1.409654150506200673e-02
-8.241328460589326249e-03 2.917875023794931633e-03 -1.056040476233395531e-01 -3.982703594662797067e-03 8.436991433207861879e-02
-8.241328460589326249e-03 2.917875023794931633e-03 -1.056040476233395531e-01 -3.982703594662797067e-03 8.436991433207861879e-02
-6.554435519594609127e-02 -1.074207927691464282e-01 -9.605569759862041257e-02 3.612552402728754636e-02 -1.229155710239693278e-02
-1.048907413565871444e-01 -1.932800900826374679e-01 -1.031702486057151924e-01 6.485175027394503300e-02 -7.554389253650159453e-02
-1.366060505367687472e-03 1.670969225530957031e-02 -9.903401592168380174e-02 -7.281134524616575746e-03 8.910259963395590621e-02
-1.162074117296335724e-01 -2.192006170503614515e-01 -9.075116313220990549e-02 7.026803070728494804e-02 -1.115854036429420881e-01
-7.239508436695185623e-02 -1.240914086045216136e-01 -1.021493468395586746e-01 4.072412837002616082e-02 -2.233242822393402202e-02
-5.478599260856190090e-02 -8.570920578989038585e-02 -9.878638628574590297e-02 2.811022922366676613e-02 6.029931232004941827e-03
-7.307938764759910888e-02 -1.264441693885519635e-01 -1.058158932984430423e-01 4.110652621977051169e-02 -2.345903559961296306e-02
-1.287552493500349060e-01 -2.411510687948890952e-01 -1.145659197102097404e-01 7.931276786430284387e-02 -1.076344820618312381e-01
-4.709411188608134125e-02 -8.172747665751400881e-02 -1.069305396356518834e-01 2.448875327855699890e-02 2.048350110971291355e-02
-7.256880490230806224e-02 -1.321252872973572856e-01 -6.718622454376337039e-02 4.912897512197220845e-02 -5.344003241856362663e-02
-5.576516939555128255e-02 -8.550685906777860668e-02 -8.929421943368756609e-02 2.921318788787858473e-02 8.094425051232718299e-04
-1.862508135560979675e-02 -1.159448874840669080e-02 -7.654592564589499104e-02 5.171216124676995471e-03 5.306604112456110578e-02
-8.112824002820054337e-04 2.000155026492129312e-02 -9.023317685294766910e-02 -7.580927150959189051e-03 8.770842404070752774e-02
-9.364920936786927386e-02 -2.094596404628855102e-01 -1.082044384239113227e-01 4.764230542891856324e-02 -8.961102634287657076e-02
-5.942839952289381833e-02 -1.019554649680256553e-01 -1.043180526520411100e-01 3.275209636785360312e-02 -1.203378122909624925e-03
-5.758876353009108329e-02 -9.118093775888998220e-02 -1.025504962923516478e-01 2.923487316800945507e-02 5.349355922310627259e-03
-4.875994920983935804e-02 -7.244241309032382892e-02 -9.924095925618331426e-02 2.301894509197852795e-02 1.672735555619423581e-02
-7.824398772927942947e-02 -1.372863663715452043e-01 -9.578290327817219618e-02 4.542458593447294690e-02 -3.621509499082505024e-02
-5.045219268090267439e-02 -7.417271609190932702e-02 -1.082397083956266326e-01 1.953030797969472140e-02 2.601629943742871445e-02
-8.756788415221275490e-02 -1.555998268452977451e-01 -6.741959714767510603e-02 5.639961381962321080e-02 -6.759428945715585668e-02
-7.352383996182670911e-02 -1.235006620581848569e-01 -8.592901473734315676e-02 4.336212081268005225e-02 -3.247330401909742648e-02
2.936763750189545080e-02 8.871955622954205700e-02 -1.107180159725668633e-01 -3.497918524268204404e-02 1.556695480840786239e-01
-3.706311148901749591e-02 -5.715229475569810064e-02 -8.334986557834202225e-02 2.019896218585062742e-02 1.664338587935103309e-02
1.496976096694448144e-02 1.560569954559408445e-03 -1.110783107818541782e-01 -3.650719327172052830e-02 4.865009920478577388e-02
-4.005760158042785679e-02 -2.859899854469664590e-02 1.226675437708988625e-01 3.801358219699104563e-02 -9.184639265977079248e-02
-7.415143240068537700e-02 -1.205359796814791939e-01 -6.537550658776625223e-02 4.450465345321593519e-02 -4.432928345526904179e-02
2.108346716858695569e-01 4.147451747297737495e-02 -7.001568097572380411e-02 -1.810249322557542367e-02 -2.403123995106122290e-01
-6.679636436260037724e-02 -1.411723219237162597e-01 -7.191639758949222583e-02 3.214815813284759016e-02 -7.694982632183532123e-02
2.181062644837309522e-02 7.469538255089855361e-02 -1.087560369133951099e-01 -2.927407376814759182e-02 1.435967775958949533e-01
-5.902098067704775880e-02 -8.906554468141369973e-02 -4.683774267782828127e-02 3.647426599510761314e-02 -3.024166144650496449e-02
-2.726395695853505580e-02 -2.991888670707141054e-02 -8.593735879502986674e-02 9.761740721503429571e-03 4.251376542538035097e-02
2.175370407779451121e-01 8.765610544252827596e-02 -9.779170566282444077e-02 -3.104694261193794436e-01 -2.164676085841710784e-01
-4.005760158042785679e-02 -2.859899854469664590e-02 1.226675437708988625e-01 3.801358219699104563e-02 -9.184639265977079248e-02
3.384946265010593813e-02 7.875147245881716773e-02 -8.297319015467996550e-02 -2.402125487310675933e-02 1.115164579314341931e-01
3.101632412856906995e-02 9.213369711101149218e-02 -1.109882316218036430e-01 -3.606928771745412238e-02 1.592754286929548568e-01
-5.440330174429311438e-03 7.009369224668682286e-02 3.869214026518700278e-01 2.382543736255497702e-02 -2.095708215941148311e-01
-3.943050870218227366e-02 -1.081990495530599783e-01 -8.094067656638495589e-02 1.217274208450954201e-02 -7.801406397869105336e-02
8.790193376848533247e-03 -1.271646564416244740e-01 -9.390695155253657445e-02 1.465256569393447519e-02 -1.486879497978890186e-01
-7.920519696436448265e-02 -1.402208939488286121e-01 -9.747971297567109561e-02 4.763532954921910478e-02 -3.856699028388896333e-02
-9.777389322930372939e-02 -1.735168665716627923e-01 -8.915183141598617689e-02 5.937108365161288676e-02 -7.187131812796143659e-02
4.327494095829757803e-02 9.869738831857585715e-02 -1.115029282084028794e-01 -3.879267330136988018e-02 1.704954295685697230e-01
-1.064077957386596607e-01 -1.973719241844219263e-01 -1.031323471476279785e-01 6.541488907406453612e-02 -8.057164190051425978e-02
4.055538203848872703e-03 3.878274293445199000e-02 -8.736723829746559367e-02 -1.344539921955778365e-02 9.956746946557462619e-02
3.280851216934947689e-02 9.144194785762374544e-02 -1.096722556534826254e-01 -3.535614467525627358e-02 1.580459746271901944e-01
8.015775947831590975e-02 6.932211493706560979e-02 -1.047126995417553830e-01 -1.043536823688852172e-01 1.036288080644093695e-01
2.900273843588875577e-02 8.227962860609344675e-02 -1.081264629798963373e-01 -3.081720895935942395e-02 1.466637697722371902e-01
-1.694076136787647444e-02 -1.118126554028159303e-02 -1.041270765089918476e-01 1.485001749991212913e-03 7.014716116928526590e-02
-9.276931031817184370e-02 -1.661396305538383189e-01 -1.127791934881382518e-01 5.319488341576784907e-02 -4.812891634109899008e-02
-2.536127237311130989e-02 -4.284641340755643985e-02 -6.113545193453598370e-02 1.800748777475295881e-02 2.276726551424133535e-02
1.054772553907856042e-02 5.254392051091747590e-02 -1.094224618466613785e-01 -2.157174094240555534e-02 1.255167142573002104e-01
-5.044735424725468181e-02 -7.680924489589342763e-02 -1.074345450973190619e-01 2.407389203826695856e-02 1.687012135977040278e-02
1.615562721305131844e-02 6.650893245454131408e-02 -1.058551859349932123e-01 -2.600737793080831056e-02 1.330552098808781281e-01
2.331047313154024220e-02 5.177427364646414870e-02 -1.006823982377938048e-01 -2.064376521454557717e-02 1.255691616587083226e-01
-9.196492146306238513e-03 3.136199871317742888e-02 -1.030277864953631217e-01 -1.331968283823277942e-02 1.010684449958675485e-01
-1.006017339864947874e-01 -1.839743938295990422e-01 -1.080454649705393233e-01 6.028603360443291620e-02 -6.737381077459674017e-02
1.598279511999619457e-02 5.902520642386036714e-02 -1.084529176928145933e-01 -2.330615087783619727e-02 1.295114430849867160e-01
2.404359308382592736e-02 7.691861811870448484e-02 -1.105011998408738927e-01 -3.020873320031348952e-02 1.471436697986961695e-01
2.971583058404622668e-02 9.128992338949262764e-02 -1.006269735513043578e-01 -3.388711745250116980e-02 1.506881059885600282e-01
-4.589562432370317829e-02 -6.959371174438246099e-02 -1.038028025862031412e-01 2.172337981052474554e-02 2.340693515477032527e-02
2.201415618364595261e-02 7.471887597832108097e-02 -9.542400344322361783e-02 -3.127120065225936357e-02 1.277689294487912297e-01
1.711437371182384509e-02 7.383273858411246171e-02 -1.067677105051521858e-01 -2.851463729614971132e-02 1.383778192549414421e-01
-8.652970721267710941e-02 -1.497059734958685329e-01 -1.086959322230400538e-01 4.844235866484302572e-02 -3.976432475375567266e-02
6.134832923028583906e-03 3.246617449595853161e-02 -1.060791906336442519e-01 -1.354319524608145996e-02 1.056628703874450681e-01
1.967166361075332048e-01 7.440302407477558666e-02 -1.046346677637231826e-01 -2.898617609390949923e-01 -1.591987846669598028e-01
-8.717087360705286225e-02 -1.508011122032047735e-01 -1.022700469186771793e-01 5.034508757411076951e-02 -4.327773029863932197e-02
-4.109302791552241901e-02 -4.960703351794456401e-02 -1.123392907413797992e-01 1.456105954142152513e-02 4.136065910573193810e-02
-6.795141391643272355e-02 -1.161817232393883570e-01 -9.799206373618860044e-02 3.831404653764939466e-02 -1.808856858938025572e-02
-1.274059034016113146e-01 -2.390206907963515204e-01 -1.135459512824825296e-01 7.880110053734956654e-02 -1.069110462999991462e-01
-7.600257470894550282e-02 -1.918317554672531733e-01 -1.066550077310492450e-01 2.469569939231378713e-02 -1.285425979168777766e-01
-1.682580135887223882e-02 -3.087685108404528145e-03 -1.064434316289145643e-01 -2.182918028681087724e-03 7.608839707706849254e-02
-8.351711087176477699e-02 -1.701313028617632006e-01 -9.885569379571129689e-02 4.218017677818894362e-02 -6.808193262252977551e-02
-1.089038584544000793e-01 -2.033688577441833956e-01 -1.095119273007548188e-01 6.291459446334424221e-02 -8.604039839998178785e-02
-8.768548730264913438e-02 -1.580543715211775446e-01 -1.077821629571604350e-01 5.056436006668030975e-02 -4.617331165276694627e-02
-8.199658875345100517e-04 2.170846025751075464e-02 -1.068643638541075386e-01 -9.923813357247126057e-03 9.730630375726075088e-02
-1.189321743222901823e-01 -2.234116889917124038e-01 -9.699339225308914458e-02 7.574216842907743885e-02 -1.035152526944096568e-01
-4.439699470534958642e-02 -6.387156127408503969e-02 -1.048797984255057658e-01 1.913897736169721184e-02 2.770029341507167231e-02
