7.665128709489252290e-03 3.448459897314305050e-02 -1.087495619178783790e-01 -1.549993481427127361e-02 1.132771668985806668e-01
9.906485425746180962e-03 4.689980443621966782e-02 -1.092740421648489835e-01 -2.064098259187283763e-02 1.215969138681910200e-01
3.880383898331554726e-02 7.769917001396459133e-02 -1.108788817849900854e-01 -3.564308652197234473e-02 1.496644363196321381e-01
-1.961272409584725873e-02 -4.403877582392112799e-02 9.480354225766648990e-02 3.841099741581886773e-02 -6.857788842125202289e-02
2.386656247737530684e-02 6.794526279503487753e-02 -1.077000398047206764e-01 -2.716440380861363801e-02 1.397984682564602510e-01
-1.598745082647963847e-02 -1.245308559250173780e-02 -1.054754318257235812e-01 -2.125639607377313722e-04 7.078352757361527914e-02
-1.109447898101709531e-02 -1.480255967045152055e-03 -9.524965581061935194e-02 -1.988575833433536832e-03 7.441845386584196309e-02
5.350622537673695167e-02 1.228089810899705703e-01 -1.094914079456361378e-01 -4.699484428240684880e-02 1.873958723587193509e-01
4.917758260963911443e-03 3.714216510107152397e-02 -9.991960176306188823e-02 -1.628339106244126866e-02 1.073994559941032351e-01
5.902589890190808319e-02 1.112044755751146752e-01 -1.117881140768905990e-01 -4.369352619615520655e-02 1.869183867028769985e-01
-1.087674019360810734e-01 -2.059742687015138629e-01 -1.128581181865705579e-01 6.662015944488079711e-02 -7.824491153765276985e-02
-1.106291266037350007e-01 -2.035000894824670892e-01 -1.100793074896741358e-01 6.684353627231301442e-02 -8.092533219448259929e-02
1.398927143446665466e-02 4.320828899413885898e-02 -1.109121494012876297e-01 -1.874485307041982851e-02 1.210875822619458114e-01
-2.112100450915635474e-02 -2.177347195548028774e-02 -1.020681208778731475e-01 4.709351228434881763e-03 6.047261865021694160e-02
2.621346532078962926e-02 7.572049383235920916e-02 -1.093258309200771800e-01 -3.036532401965139766e-02 1.472799476973598032e-01
4.068087841275552785e-02 8.285536541923241294e-02 -1.124518456264678307e-01 -3.429999098658452483e-02 1.628013719233011025e-01
3.708216451746614017e-02 9.136824812693247755e-02 -1.075685892434518898e-01 -3.568117033595541443e-02 1.599779221181346078e-01
-9.677734231804288600e-02 -1.726468356558804318e-01 -7.810697179432912751e-02 6.050120790469822041e-02 -7.604115008552841948e-02
2.386656247737530684e-02 6.794526279503487753e-02 -1.077000398047206764e-01 -2.716440380861363801e-02 1.397984682564602510e-01
-5.737664331604368229e-02 -1.009741119186115116e-01 -1.125943868412071502e-01 3.071993076312378584e-02 7.567888567353333630e-03
1.424875136199125342e-02 4.651584798675286597e-02 -1.107006089925971215e-01 -2.439374189672318533e-02 1.180935886957814179e-01
-9.266703416135060878e-02 -1.661776722537748052e-01 -1.078847194022838074e-01 5.383277441777234440e-02 -5.360508692727333768e-02
1.048146431966000963e-02 4.289414321484914111e-02 -1.087698794448079403e-01 -1.874278278656287683e-02 1.201562791715282408e-01
3.322609885150241971e-02 7.662979545992398833e-02 -1.103544283591628566e-01 -3.071477114197602304e-02 1.515089310441936066e-01
2.449806983738365973e-02 7.074150433678891292e-02 -1.054405921534098955e-01 -2.852867689790765382e-02 1.385268213489648792e-01
1.084820687527967426e-02 1.061436101223961759e-01 4.628421714316804936e-01 2.691151091466190831e-02 -2.293964038345681911e-01
-7.632595780171416711e-02 -1.795316843250302219e-01 -1.117948614887403491e-01 2.337394639280123559e-02 -1.035790394517694529e-01
-9.450445185118706848e-03 -1.312233192575585489e-02 -8.296866028777417912e-02 7.172436512670066905e-04 4.592093208507158630e-02
-1.129944599981414916e-01 -2.084316380047904760e-01 -1.127129302815321477e-01 6.806968751363264014e-02 -8.216230172015658029e-02
2.968851291856525187e-02 8.022814989457657808e-02 -1.089050101646348301e-01 -3.260461113287844992e-02 1.508952046761825594e-01
4.114529046262287160e-02 1.013772843641962407e-01 -1.095096341245208743e-01 -4.009916605373294030e-02 1.694627657877592064e-01
1.648366650836961128e-02 5.519186054189981899e-02 -1.082409486590277109e-01 -2.382054224553892957e-02 1.283118561327756257e-01
2.786953751531352774e-02 7.399631949420487631e-02 -1.136886470443066038e-01 -3.100450933116707247e-02 1.517433170070232318e-01
-2.155181185213023154e-02 -2.011269160110937260e-02 -1.090835964265914199e-01 3.632335058119487078e-03 6.813623740926179340e-02
-6.482129722479268441e-02 -1.093108072117352503e-01 -9.992676127498412164e-02 3.534888787922219056e-02 -1.080801871444845783e-02
-4.365531811638897336e-03 -3.408525007422449210e-02 -1.131063507094806769e-01 -1.144565307786037621e-02 5.679117384603386831e-02
-6.929150330898545262e-02 -1.137786025517809885e-01 -1.009826745466348430e-01 3.547452122272170411e-02 -1.440750668015335079e-02
-2.143687848642664151e-02 -1.769292113682387896e-02 -1.071361938525519086e-01 3.229532999295254420e-03 6.653948636455649102e-02
-9.427807828083159536e-02 -1.611562238086797771e-01 -4.492407551232567575e-02 6.166150294116547886e-02 -8.815215815667711008e-02
-1.025238660766740334e-01 -1.879760170648661632e-01 -1.099274717439106819e-01 6.170205612047537785e-02 -6.704463861020351634e-02
3.001985103098075980e-02 7.070087304228650504e-02 -1.084227802569306398e-01 -2.877913654892938489e-02 1.451614775070979024e-01
3.517106386952981167e-02 8.815282541103522385e-02 -1.119147652636394430e-01 -3.546309779318914529e-02 1.607369765170504339e-01
5.488929923066460104e-03 3.367679592962585094e-02 -1.066121689984881882e-01 -1.605008620022493893e-02 1.093307623137037971e-01
6.425198787387391419e-02 1.369310922189151958e-01 -1.130093449153241891e-01 -5.252544103056173280e-02 2.039738167396177859e-01
-7.718984329610439898e-02 -1.899461938976950703e-01 -1.128715144346305738e-01 3.742174297633322350e-02 -8.054783161977527306e-02
-5.163216240838264942e-02 -9.370351425995560035e-02 -8.011944403781198765e-02 2.859451671533875389e-02 -1.315487546466889354e-02
5.054022845665588626e-02 1.073442732381250098e-01 -1.124854491517616323e-01 -4.226627266802674560e-02 1.808413027117657945e-01
-1.030614347081896948e-01 -1.880706177683821034e-01 -1.119240003537487205e-01 6.066860622343669962e-02 -6.787383686745492029e-02
-1.030599897861250863e-01 -1.876260888769552271e-01 -1.116725111995058306e-01 6.060069442248417620e-02 -6.636412560588555998e-02
-6.569760305546903933e-02 -1.110603993574993398e-01 -8.310333379993448122e-02 3.887883061350790731e-02 -2.320834651366915011e-02
-7.524665049733381128e-02 -1.548135389346098623e-01 -8.221499251778330297e-02 4.057437977017469555e-02 -5.483691272994575816e-02
1.413939906295036408e-02 5.611536932660040472e-02 -1.120390532644606335e-01 -2.330551284806716555e-02 1.313257466056236000e-01
1.919699430537833568e-02 6.571182779477441338e-02 -8.608452287850409945e-02 -2.391755612566308364e-02 1.233269319909090084e-01
2.207091979435737289e-02 6.170824581062072517e-02 -9.495991733614853048e-02 -2.378431514245585299e-02 1.291651097108980906e-01
6.265575572633089174e-02 1.089036145381541976e-01 -4.266570457737513949e-02 -3.439566245093635816e-02 1.312794589532163270e-01
2.827709714576562283e-02 6.879334373141360315e-02 -1.048022382593976204e-01 -2.744434837516171455e-02 1.407489611918499861e-01
-4.441082700896507862e-02 -6.472791229945847047e-02 -9.243515698638841982e-02 1.326486922857724425e-02 1.078794917287663468e-02
1.165641130126728736e-02 3.834158567586947591e-02 -1.059246678188656976e-01 -1.681999353907492889e-02 1.167678650539040186e-01
3.129103609511507678e-02 7.415790904131555616e-02 -1.076971334034578509e-01 -2.968228037437804778e-02 1.472087564074238963e-01
4.456420347422705708e-02 8.868839099756786748e-02 -1.091092891798473019e-01 -4.641620726390607160e-02 1.573593699053624506e-01
2.885014716890495906e-02 7.735813545430333948e-02 -1.084635093362095737e-01 -3.051271330980528246e-02 1.475300706809939966e-01
1.378995507023934169e-02 4.928970914822140142e-02 -1.115341873706797715e-01 -2.243191870451380354e-02 1.283355040804445568e-01
5.896401576849530368e-02 9.210322037517829075e-02 -1.108880791466263643e-01 -6.344594646343616751e-02 1.556203722842725290e-01
3.319759946085985847e-03 2.982324974617951013e-02 -3.822275185975970713e-02 -8.512249160366922376e-03 5.961391087525685917e-02
-1.144532945647808581e-01 -2.131017637092783579e-01 -1.130203045116113802e-01 6.981857799233014139e-02 -8.558212302912812652e-02
6.231938371842506152e-02 1.321292956527975182e-01 -7.141649692186138876e-02 -4.283364933793566698e-02 1.555204148425292365e-01
4.290377502450253011e-02 1.014563620757271134e-01 -1.104109433058958895e-01 -3.988912109915657839e-02 1.717926702152889618e-01
4.841106972757823479e-02 9.731621084740382788e-02 -1.116445567013940321e-01 -3.859673406572546039e-02 1.739686575939712043e-01
2.587774375158817530e-02 8.269436890083459168e-02 -6.831022847060487513e-02 -2.773626887682852094e-02 1.235558679417728678e-01
4.456525364663374567e-02 9.430347473592537444e-02 -1.032098159145506261e-01 -3.552269439923404215e-02 1.563062790544037794e-01
1.200184676469357586e-01 8.493349848744247144e-02 -4.852135233637574346e-02 -4.683104916033660817e-03 -3.465514716511787496e-02
2.002839010977466860e-02 6.576105391572567571e-02 -1.151867473781889584e-01 -2.761186380486772146e-02 1.438858487826420451e-01
4.804672439337652479e-02 1.159366306933722612e-01 -1.123996613806438755e-01 -4.475637266983752832e-02 1.844241964372614340e-01
-3.866705203885274778e-02 -1.705575713796757958e-02 2.006029373919479830e-01 4.562013573400187233e-02 -1.374191128226587566e-01
-3.040098052007673621e-02 -4.007242090061947926e-02 -9.806946663049447011e-02 1.019795406377228472e-02 4.515010999658738283e-02
4.002055574968019225e-02 9.826833136867149654e-02 -1.087159152732588147e-01 -3.872529140894903632e-02 1.658101261228007439e-01
2.585872893286145918e-02 6.963694646044990555e-02 -1.110093057473288680e-01 -2.840464138566235058e-02 1.443236364490923795e-01
-1.055707525273807124e-01 -1.943061572063588816e-01 -1.087890343552912059e-01 6.337520266089072263e-02 -7.453152979582000626e-02
2.599225381058756223e-02 7.557387157313738557e-02 -1.107115642939578981e-01 -3.041999318102821953e-02 1.475655266741197347e-01
1.454510590420254323e-01 2.172561647484507613e-02 -1.150168092743489440e-01 -2.369957686655064233e-01 -1.725542503650473458e-01
-7.166798967922795999e-03 3.531766077811492044e-03 -1.033723544233642877e-01 -4.366007825474057039e-03 8.229891351705914682e-02
-7.358515828112199841e-02 -1.249466893942846601e-01 -4.814029353569194980e-02 4.856139344989766904e-02 -6.096613259461294843e-02
-1.132600504165037075e-02 -2.780228204718529494e-03 -1.071316584271049255e-01 -2.168740630463359201e-03 8.202002069958350128e-02
-1.053302286445444297e-01 -2.133194353045745062e-01 -1.121184324664436516e-01 5.919010986626265652e-02 -8.809788988732224213e-02
-1.127595981878133646e-01 -2.078848245913604564e-01 -1.112926415735231850e-01 6.852785826401379399e-02 -8.319922710818009048e-02
2.886845971634693919e-02 7.127640197114279430e-02 -1.080650635844443846e-01 -2.860662551302776968e-02 1.432737566503991256e-01
-2.788471813156809948e-03 2.338093195467167568e-02 -1.121666721393336785e-01 -1.290188037432418548e-02 1.065196228076133872e-01
-2.262979545605840748e-02 -1.869452171542591162e-02 -9.165270696388005955e-02 5.331334985763883788e-03 5.807548447363271304e-02
-2.385540859307465344e-02 -4.342694259329672735e-02 -6.801680233711100698e-02 1.550652349809174095e-02 2.842652833844883098e-02
-2.081300561102635699e-02 4.550031822483986688e-03 -8.184797513642017019e-02 -1.172882533007405664e-03 6.495700561639831949e-02
-8.911039433996315040e-02 -1.581784849678291582e-01 -1.087283150511057228e-01 5.164951548727689246e-02 -4.494856822475346014e-02
-3.801819205754654318e-02 -4.561715897474927922e-02 -1.088557808325006648e-01 1.233119001600489414e-02 4.391231860957224564e-02
5.376649571536151750e-02 1.227701181193170399e-01 -1.081194591822044054e-01 -4.710507415733088815e-02 1.868889083539028440e-01
-2.207704326046790871e-02 -1.040400886310380996e-02 -8.280740649049207758e-02 1.567104988822424702e-03 5.993094841329120459e-02
6.463710168851131976e-03 3.872662458057283402e-02 -1.101452754531653810e-01 -1.745564259820961417e-02 1.165171629209674070e-01
1.575497648162561826e-02 3.656840889631842589e-02 -1.081896516478362269e-01 -1.698265281431280554e-02 1.173961122449440203e-01
-5.512434998212457221e-03 -1.708861461087581718e-02 -9.829015793834575132e-02 -1.446221378744581842e-03 6.444520985993665296e-02
-4.947432133181058067e-03 8.479865057135904660e-02 4.867165922563968516e-01 5.209147708547653272e-02 -2.512466125495327884e-01
3.729275555557286237e-02 9.117530782224664287e-02 -1.101010426154744731e-01 -3.580499676680609644e-02 1.615980309290676042e-01
-1.188441287205229124e-01 -2.212066698191521574e-01 -1.127903201000463179e-01 7.279528385053198047e-02 -9.251353450995442040e-02
-1.005553840987563896e-01 -1.795737572340518895e-01 -9.262017036445298335e-02 6.063252637894987751e-02 -7.355174405650385938e-02
-1.200360766482242297e-01 -2.231755375736598213e-01 -1.111921265576728129e-01 7.356347779666418119e-02 -9.540194442022427446e-02
-8.972168159680891930e-02 -1.632395490740856936e-01 -1.042731925084450090e-01 5.313005478766726769e-02 -5.287886380343412296e-02
4.813857519205184954e-02 1.037928023438990377e-01 -1.112758832381975788e-01 -4.063236234457844043e-02 1.754595486073381727e-01
-1.827224688036888089e-02 -2.999952149954867101e-02 -1.030005399415062917e-01 1.042284652515288769e-02 3.736605058463296491e-02
-1.016221396885876732e-01 -2.068715936182082826e-01 -1.080982947871384492e-01 5.862889661775964184e-02 -8.633263256996874524e-02
-9.356079364621351646e-02 -1.695335252411221405e-01 -9.279050307642040807e-02 5.709921265229201542e-02 -6.172452770096588381e-02
-6.669777865011899953e-02 -1.213173897136506640e-01 -1.011007486198605837e-01 2.679405962322050500e-02 -3.704593689681935642e-02
-6.077902542806628422e-02 -1.137974640156118877e-01 -1.103858260742115599e-01 2.547701025846391132e-02 -1.220857202734313557e-02
-4.856224203599230488e-03 1.158233221992186618e-02 -9.509067400810312931e-02 -6.077492254956963838e-03 8.512995275017926078e-02
-4.617258227434899859e-03 1.345578671533869536e-02 -1.062063530005055156e-01 -8.503385975739302313e-03 9.311849515404378719e-02
-8.119724390436570960e-02 -1.893864952668607993e-01 -1.135793409311949415e-01 2.868548354620221313e-02 -9.758976069677598175e-02
-9.510271312612826600e-02 -2.030498934972783109e-01 -1.042520735704027535e-01 4.181921032870658528e-02 -1.160032301294715851e-01
1.994383698820149931e-02 3.451656635791449518e-02 -3.303010365493692230e-02 -2.064362839497268717e-03 4.441625845688655649e-02
-4.067042680777449570e-02 -5.655589091781276778e-02 -6.675255376594246837e-02 2.169684834425102821e-02 1.103151219851029700e-02
5.644347148398289049e-02 1.247319065309416553e-01 -1.094372518279326245e-01 -4.810428409353642576e-02 1.902093033265256916e-01
-3.789569133737912682e-02 -7.037838163812042136e-02 -1.116478313057127913e-01 9.827316945891255082e-03 2.760389350379041651e-02
3.178718099438081202e-02 8.245038102064791707e-02 -1.094260672155843717e-01 -3.299484273675420964e-02 1.530039961815479466e-01
-4.283895539011260689e-02 -6.882631980271292083e-02 -1.061424449293058986e-01 1.975918556257038813e-02 2.666752837483497840e-02
-1.222446510840092815e-01 -2.256733199029222481e-01 -9.215565124043947898e-02 7.713141664499457983e-02 -1.093865747510528175e-01
-1.037529930660310296e-01 -2.018805394813888432e-01 -1.027391245490874572e-01 5.490881172663168025e-02 -8.025026454743794391e-02
3.931850887852923748e-02 7.945641099056313661e-02 -9.003231054754802509e-02 -2.846596157224905166e-02 1.360096415615858478e-01
8.054827554894221364e-02 1.357422911167580348e-01 1.177099792441951287e-01 -2.000817651324332536e-02 5.772449829653415743e-02
-7.984008280929080770e-02 -1.395721912909435314e-01 -1.088168611308441974e-01 4.498500735874186307e-02 -3.162848436913232031e-02
4.461648490962194513e-02 1.020684564172006648e-01 -1.097480735707616895e-01 -3.972693094022401727e-02 1.708031810217921498e-01
-1.136273682347905822e-01 -2.139878129852716138e-01 -9.807452290730382660e-02 7.248618775750768906e-02 -9.392118784317565749e-02
-9.439655315158052007e-02 -1.778291810083565405e-01 -9.594538056051463148e-02 5.542583148524814207e-02 -7.501621509487334249e-02
-1.734636270464490204e-02 -1.487276361621360510e-02 -1.061997753937500150e-01 1.913231845135377959e-03 7.133385130375417826e-02
-4.598354790249516849e-02 -6.798177629224666507e-02 -9.738511491769397121e-02 2.133176096509276087e-02 1.936402182612087172e-02
-7.563077911784536755e-02 -1.321206652299591333e-01 -9.599637253241438684e-02 4.388076780071157451e-02 -3.165353204707446744e-02
1.256528626550103278e-03 2.178640846252890423e-02 -1.092748544600789518e-01 -1.147636153819190687e-02 1.045263107854595142e-01
-9.936502721597093024e-02 -1.820461514004885206e-01 -1.012316674549997852e-01 6.019567003118626858e-02 -6.698875594405274969e-02
-8.600506277120056886e-02 -1.535132450866842913e-01 -1.049423210704296672e-01 5.082055330275306315e-02 -4.327777294988324752e-02
-9.410435419586903050e-02 -1.643403710428442410e-01 -2.751220361908758572e-02 6.485228674223345036e-02 -1.002213898723150060e-01
9.626446317030884492e-03 3.621964978361507520e-02 -1.125388025720629459e-01 -2.820409205623961718e-02 1.143209403524041018e-01
-9.429218811913413212e-02 -1.765736880430523459e-01 -1.141103297129195393e-01 5.230428016842163935e-02 -6.023841862309595174e-02
-1.142633892882367053e-01 -2.054953150294299979e-01 -8.041399471710614089e-02 7.212258612721227091e-02 -1.014785766914302889e-01
7.088206083495009191e-03 3.554864571469035922e-02 -1.032946586320455801e-01 -1.504324336704038374e-02 1.111913960613738206e-01
2.999906214591550879e-02 8.099705917255825560e-02 -1.078628055006029679e-01 -3.225678662494024795e-02 1.512052054261423806e-01
-8.190373236330390772e-02 -1.406106603029558810e-01 -1.159194389374595263e-01 4.439969326380616838e-02 -2.457934401083448558e-02
-5.459584388385725628e-02 -9.247062610201423061e-02 -1.007766119195045579e-01 3.027097802552659173e-02 9.716313121724950291e-04
4.713463665920235302e-02 6.657681722600297669e-02 -6.357309905761575342e-02 -1.119436971384734497e-01 1.980507327523700623e-01
-6.321771885744981168e-02 -1.096187341748643407e-01 -1.069497315560048456e-01 3.412911729299421965e-02 -7.103794928323678426e-03
-4.915014186356997383e-02 -8.318050332836621208e-02 -1.080053004541914885e-01 2.457409184736814717e-02 1.945285786398265326e-02
-1.993242004580601107e-02 -1.765689511331990091e-02 -8.515008554313038824e-02 5.527792672436797339e-03 5.577805974097579944e-02
-2.958021571783406994e-02 -3.846121204196814580e-02 -9.477762826482342973e-02 1.171088110370718284e-02 4.417736340236079473e-02
-1.023608789794816787e-01 -1.898149006768375668e-01 -9.574505311397350782e-02 6.019206801981896726e-02 -8.357737587626115627e-02
-8.486981592278095010e-02 -1.568861618151749238e-01 -9.942650437719117995e-02 5.239504550446941189e-02 -4.922397332636739564e-02
4.439267780426216226e-02 1.032428762109453557e-01 -1.132938651263535185e-01 -4.077824566208090862e-02 1.764044635910776981e-01
-8.938067650889142124e-02 -1.585373772112064483e-01 -1.108410954925117403e-01 5.005298192017955394e-02 -4.403157572288195210e-02
-7.254886583164285585e-02 -1.271641307391833120e-01 -9.657932969728021122e-02 4.241639137401872345e-02 -2.723938719376416476e-02
-1.045768153165022862e-01 -1.922025227729522723e-01 -1.070994683519606860e-01 6.301632716245265942e-02 -7.399524385388481229e-02
-1.072354390237318517e-01 -1.951251128322689099e-01 -1.109994490549499335e-01 6.393446740690561514e-02 -7.373207438652824852e-02
-1.124144330088357874e-01 -2.101150848692392992e-01 -1.115929899998126529e-01 6.855187911170186610e-02 -8.486275446744363793e-02
-1.124144330088357874e-01 -2.101150848692392992e-01 -1.115929899998126529e-01 6.855187911170186610e-02 -8.486275446744363793e-02
-1.054690363723892743e-01 -1.907046110518357263e-01 -1.116527114012886152e-01 6.246272269221472134e-02 -6.974839658029921563e-02
-4.513722189101817411e-02 -1.087499448772968058e-01 -1.075691594769631748e-01 1.418991961783906859e-02 -9.632394819950880482e-03
-3.432304118661504144e-02 -4.752827026787469211e-02 -1.044096631276023729e-01 1.349412222535226712e-02 4.193788143776559785e-02
-1.195878355267019633e-01 -2.247556255849095241e-01 -1.070525436602899061e-01 7.489231198667641032e-02 -9.844279219358244293e-02
-1.776671512560210747e-02 -1.868691222372477478e-02 -1.110828886471642851e-01 -5.671434296623673044e-04 7.472109083186011247e-02
-8.011139741322295671e-02 -1.352202259212681446e-01 -1.000318258566358642e-01 4.346982076786841398e-02 -3.490822023497328064e-02
1.109751098494039107e-02 3.566585210616913387e-02 -1.043284926467389073e-01 -1.598360232580958024e-02 1.118206082467600865e-01
-5.836748193916696525e-02 -1.060260439606969529e-01 -1.098547964110281050e-01 3.323713290282256927e-02 -4.560214859826283024e-03
-1.118107984966124901e-01 -2.150790500905115643e-01 -1.065745386455609067e-01 7.212302937417375270e-02 -9.575945069539047727e-02
-7.330964599992290109e-02 -1.251295017312876179e-01 -1.012012063445036775e-01 3.856515530996290630e-02 -1.947834689624033597e-02
-6.916071912894417029e-02 -1.543484355403283992e-01 -1.019041706289570137e-01 2.199871667434286776e-02 -8.142815941966838333e-02
1.752380196963428949e-01 5.024999013196650849e-02 -1.130195526619443142e-01 -2.713605733627345029e-01 -1.679754890341550733e-01
-5.528989259102480569e-02 -1.061919741050699750e-01 -9.773325971147495128e-02 3.534800226427642356e-02 -2.008277675523993319e-02
-9.938584201669202478e-02 -1.811763113597177066e-01 -1.064085490314350957e-01 5.910858493644455952e-02 -6.495744420490694171e-02
-3.089893552239944205e-02 -4.067077212605319653e-02 -1.101634041036313461e-01 1.042477853852790196e-02 5.338231161089523891e-02
4.705161228595769463e-01 -2.054141687827041596e-01 -1.131103210124047576e-01 -5.358925550265590809e-01 -1.820705828552135752e-01
6.007197369463938841e-02 7.897713845771878183e-02 -9.685652238615864718e-02 -4.123838622310607022e-02 1.542983209190030847e-01
-1.244919764556607356e-01 -2.322142355966256289e-01 -1.120115368770831371e-01 7.689464604580353857e-02 -1.023018896136202865e-01
2.355953930911566102e-02 6.763346869549516360e-02 -1.116965530118938787e-01 -2.732135723751043244e-02 1.430597303778730067e-01
-7.469425712565197495e-02 -1.309132270920715380e-01 -7.418525435751205377e-02 4.595623765582450282e-02 -4.102868459808907409e-02
-1.144707772011987756e-01 -2.122125841813732594e-01 -1.016729899998126685e-01 7.074956571806570449e-02 -9.327009217921310158e-02
-1.267914841720823582e-01 -2.408035171174565114e-01 -1.168130925110828777e-01 7.938846212966092775e-02 -1.040589287435336602e-01
-1.234394554521091314e-02 -5.381594986289345295e-03 -1.089867889819566421e-01 -1.569483829164754207e-03 8.085052215455867941e-02
-8.758994251331439496e-02 -1.625974087884578534e-01 -1.132592635887770954e-01 5.243646053210335167e-02 -4.160928583239731360e-02
-8.356163537299121646e-02 -1.489579756579293424e-01 -9.777445334209475258e-02 4.937737410381146802e-02 -4.438037329502744766e-02
-1.142883317320764480e-01 -2.292075158959024916e-01 -1.116019443448618698e-01 6.292341439003856784e-02 -1.169277787638943467e-01
-1.190329903654376575e-01 -2.327522166664099668e-01 -1.128397443387050975e-01 6.823778398882884844e-02 -1.128095215904032778e-01
-1.178681501722973202e-01 -2.203949472534878218e-01 -1.116741071578534333e-01 7.193227301410379249e-02 -9.193126819133774774e-02
-9.143264980812997045e-02 -1.686750212652929626e-01 -1.147353491074898785e-01 5.360329466598326431e-02 -4.559979848915361733e-02
4.795546464957466115e-03 2.555938896110209607e-02 -1.047790676031989804e-01 -1.209669580249413644e-02 1.035846882373637062e-01
-4.049507589144633185e-03 2.488307806075479994e-02 -1.035012752718820345e-01 -1.549706258352994380e-02 9.377139822463881336e-02
-5.496295276638477056e-02 -9.158098576294829152e-02 -1.113681165908854687e-01 2.777877023825699176e-02 1.328024300383066555e-02
3.710400375381374405e-02 3.144032940835572026e-02 4.026092130814555858e-01 5.281198108915708539e-02 -1.800112214299647850e-01
-1.199223930827522239e-01 -2.338665569240021003e-01 -1.028177840982982538e-01 7.000900925598496638e-02 -1.201396366304811614e-01
-7.466187413409111628e-02 -1.294658134296500507e-01 -1.069334677579387577e-01 4.188346573780587362e-02 -2.447664114403827126e-02
-1.292335570153370361e-01 -2.432876326787997145e-01 -1.122661512651120241e-01 8.058427097961023966e-02 -1.106037428201906148e-01
-1.301796657646437372e-01 -2.453457459441497901e-01 -1.127206967196574816e-01 8.105388734189426791e-02 -1.118335080048270536e-01
-1.462233077985687288e-02 -1.142482582890537446e-02 -1.112320922274136620e-01 -5.102676597464068237e-04 7.938259082260003263e-02
-9.149925095257274710e-02 -1.677549939033409210e-01 -1.083056938874931152e-01 5.377555273877675929e-02 -5.436917740073202165e-02
-6.938454069148702885e-02 -1.279616767906731345e-01 -9.841077795288293018e-02 3.704387576898503232e-02 -2.986539113326319370e-02
-8.724847033680543928e-02 -1.588457965856985565e-01 -1.077134229826111761e-01 5.064273237203640449e-02 -4.755101479848106161e-02
-1.123202527229749947e-01 -2.073680460732650888e-01 -1.103039100495738778e-01 6.811389940418667577e-02 -8.296441924951820923e-02
6.483988675913238131e-03 2.469621336187389354e-02 -1.112648181495518029e-01 -1.338495542874483697e-02 1.097434392863795571e-01
-2.793681506189822986e-02 -1.888462385712393055e-02 -8.818395928552312524e-02 3.830190879683569721e-03 5.564719013795536851e-02
-1.244919764556607356e-01 -2.322142355966256289e-01 -1.120115368770831371e-01 7.689464604580353857e-02 -1.023018896136202865e-01
-1.226346631142287008e-01 -2.257922421710608640e-01 -1.125062362853318093e-01 7.466200657672376895e-02 -9.709317418978413716e-02
-1.192774366769127348e-01 -2.342022245608425812e-01 -1.126187741973081607e-01 6.876035545434749929e-02 -1.139446165735019112e-01
-1.074752384940396155e-01 -1.954673080879571201e-01 -8.427675685740769473e-02 6.792860802924347019e-02 -8.923009037175352876e-02
-1.265980597515423411e-01 -2.402456719228282245e-01 -1.125451830210273396e-01 7.941386446852288783e-02 -1.075236892468090233e-01
3.012102858135738692e-03 3.019886586840162673e-02 -1.029718951550062378e-01 -1.304895372272610148e-02 1.050852679558475222e-01
2.552975441446371507e-03 -2.841095294118634040e-03 -6.267642482449221897e-02 2.105592283584055424e-03 6.010752052071420548e-02
4.362129906498918297e-02 6.938135596859937304e-02 1.876060745087466397e-01 1.130010826577975379e-02 -2.691855658978411017e-02
-2.058332135232848747e-03 1.457512930762502185e-02 -1.080915846156863674e-01 -8.478337254606326326e-03 9.753607788345969309e-02
5.059202351768808670e-02 1.127976524799994273e-01 -1.086206382681664112e-01 -4.337608197225371887e-02 1.787441635146120589e-01
-1.149020665978562339e-01 -2.109478610313903491e-01 -7.095839921370206138e-02 7.469192933555533764e-02 -1.119852615538149132e-01
-1.041757022112377723e-01 -1.963910607522350582e-01 -1.118890554948762800e-01 5.860336057940095100e-02 -7.874528277793092779e-02
-9.773406855454076780e-02 -1.967933427845668659e-01 -1.121693624264656769e-01 5.375667864376834637e-02 -7.380249547879054461e-02
-3.897386849402457998e-02 -6.176757360155737259e-02 -1.102867058475372197e-01 1.722410249371748858e-02 3.764305169517860594e-02
-8.063172362421930361e-02 -1.850577563458111474e-01 -1.091012962489260885e-01 3.653265778577399758e-02 -7.419663824515165818e-02
-8.855926494272522986e-02 -1.676932884433436355e-01 -8.394102640951518757e-02 5.883294682102833961e-02 -7.180373144871572688e-02
-6.157521237579546836e-02 -1.056272920968576445e-01 -1.080876567634345697e-01 3.291243595073295447e-02 -3.720263108092258797e-03
-1.164792350970642598e-01 -2.258662673454944481e-01 -9.608744587650616675e-02 6.814798694492296693e-02 -1.182362168904970146e-01
-1.179822961671818937e-01 -2.175601507628804332e-01 -1.003157507871015180e-01 7.295546450502576885e-02 -9.895083558636177945e-02
-1.140112379441425711e-01 -2.117794490308431421e-01 -1.019411858964438811e-01 7.060297775173800250e-02 -9.251321352277597221e-02
-3.234752207636335669e-02 -1.578624135636686743e-01 -1.046529184993204020e-01 -1.545616060790258074e-02 -9.121754632464972035e-02
-1.292335570153370361e-01 -2.432876326787997145e-01 -1.122661512651120241e-01 8.058427097961023966e-02 -1.106037428201905592e-01
-1.245431596911361211e-01 -2.300252609808360604e-01 -9.656543453888569162e-02 7.828872485459413555e-02 -1.106875464684986266e-01
-2.309929274337027549e-02 -2.515374443810936694e-02 -1.007055427294009653e-01 5.704608789573545335e-03 5.796786448752527798e-02
-1.227958486659806725e-01 -2.335861317501407297e-01 -1.024803928682275767e-01 7.435239173068429464e-02 -1.150883818477876630e-01
-1.180011298386226121e-01 -2.192016067449812644e-01 -8.243225647281678115e-02 7.595924170197788927e-02 -1.093782680443132205e-01
-1.230027814394145519e-01 -2.291508076582232378e-01 -8.288680192736223862e-02 7.967083875562669393e-02 -1.175677388274319890e-01
-6.355475215783615295e-02 -1.482407653212797494e-01 -4.079554287019949987e-02 3.346420429853428496e-02 -7.596964188907764925e-02
-8.928209740947934403e-02 -1.788560784654112945e-01 -1.104499140733761486e-01 4.840049498928996469e-02 -6.364855420943271724e-02
-6.848060283657972369e-02 -1.161745746011716984e-01 -1.079276823968357835e-01 3.695666005769521895e-02 -1.241670808449494082e-02
1.553698919098010778e-02 4.751439034885138885e-02 -1.053798744925253938e-01 -1.977599328784721694e-02 1.218033724532377043e-01
1.553698919098010778e-02 4.751439034885138885e-02 -1.053798744925253938e-01 -1.977599328784721694e-02 1.218033724532377043e-01
-6.344347494528838893e-02 -1.068155847408043396e-01 -9.967955754259617829e-02 3.541815339021818498e-02 -8.812798124620754847e-03
-1.252198068872672765e-01 -2.360257393396786862e-01 -1.069242036221939862e-01 7.910948008393207942e-02 -1.067277512732738853e-01
-3.627279977413785939e-03 8.705030290253996939e-03 -1.060517867007728238e-01 -6.253124405695814278e-03 9.013410450213719949e-02
-1.186021092536815730e-01 -2.189135558758642797e-01 -9.117089921370206962e-02 7.486059580391163371e-02 -1.060894465572207179e-01
-3.740950542532493067e-02 -6.971265214739157112e-02 -1.104402823743950574e-01 2.280231127651134032e-02 1.099244664351960513e-02
-7.463451362435552516e-02 -1.320002573881995100e-01 -1.055931250839832053e-01 4.250838929739705202e-02 -2.532626393504519915e-02
-1.142744344785742439e-01 -2.123709246865469469e-01 -1.006864622220084715e-01 7.121834502838327030e-02 -9.286326267194100481e-02
-9.776345524979236645e-02 -1.806093458742545343e-01 -1.140869730600522769e-01 5.823770211975294597e-02 -5.639557160191062402e-02
-7.498205859839598975e-02 -1.404567801445280595e-01 -1.047910587212170230e-01 3.858053803753089955e-02 -3.322553178291408338e-02
-1.041937138994796785e-01 -1.886518104051845279e-01 -1.101466025975489926e-01 6.192790266267802352e-02 -6.742037177218097865e-02
-3.463892844058222981e-02 -5.409225890830947348e-02 -9.925450856459216986e-02 1.581107652027323451e-02 3.704361839995556904e-02
6.346674497531984427e-04 1.428454607916631453e-02 -1.071313322804793716e-01 -8.491387631406293116e-03 9.671149149744825979e-02
-6.627698009118945799e-02 -1.971442437075481280e-01 -1.149750823944347966e-01 2.536907690034664875e-02 -8.340693580765427828e-02
-6.891842950560114756e-02 -1.244413271185331182e-01 -1.125500410820534647e-01 3.859592627587618563e-02 -1.120712012346746986e-02
-4.173022523809542805e-02 -6.566372571884072917e-02 -1.046626201887721763e-01 1.957642653332846566e-02 2.822582149708244281e-02
-9.063936989888091156e-02 -1.635292761012045459e-01 -9.956764011971404316e-02 5.401594718990439942e-02 -5.587024496097214854e-02
-3.821882014450890541e-02 -7.523024170819747614e-02 -7.453684124236031883e-02 1.404743620977415980e-02 5.310624940299553398e-03
-8.284622180565953675e-02 -1.575750994817555206e-01 -1.144687658242432571e-01 5.003002839816061975e-02 -3.516365300857639264e-02
-6.860930866049452792e-02 -1.214550360164652065e-01 -1.119720354320763445e-01 3.792518820904499516e-02 -9.989484461888711170e-03
-1.028237562632472873e-01 -1.850420806484352754e-01 -8.026563454368898509e-02 6.434029497057887348e-02 -8.666920958021777366e-02
2.770291797188684235e-02 7.669805299408599675e-02 -1.091500716905089152e-01 -3.080122427555168768e-02 1.482788042164081277e-01
-4.175387280645483090e-02 -6.507549007638037397e-02 -9.171388678649114445e-02 2.130170831575919216e-02 1.892711514162457101e-02
3.147807181302540724e-02 -3.914316145550308934e-03 -1.126994166116349338e-01 -5.106438018281877350e-02 3.084233412054993018e-02
-3.024955219597447870e-02 -2.254577875725229108e-03 1.771792590242118048e-01 3.781683919174633896e-02 -1.093392817393109701e-01
-6.543041082476830361e-02 -1.083785261550601342e-01 -5.969020761606601277e-02 4.119204962952405930e-02 -3.530174285656619004e-02
1.789223189082572718e-01 3.698953244873735141e-02 -1.123180711884935179e-01 -2.030168365461802737e-02 -1.643915548515836322e-01
-6.598577867937913122e-02 -1.540796463469850663e-01 -9.556431446511630401e-02 2.548934824624543571e-02 -8.693956457179215225e-02
2.544651848010183459e-02 7.173836624331073053e-02 -1.080448673909275709e-01 -2.851878813651068101e-02 1.429539735822144830e-01
-8.119381478496946747e-02 -1.623350171834071765e-01 -1.005893385991935979e-01 4.133556226325538208e-02 -7.282262656604851503e-02
-6.434687143492293093e-02 -1.132319219326927556e-01 -1.081273837537277405e-01 3.528665948200977037e-02 -6.161518359361031760e-03
-3.040705208945649121e-02 -3.824702095467177876e-02 -9.458882884977189154e-02 1.120478398186047428e-02 4.193335671278470428e-02
-3.024955219597447870e-02 -2.254577875725229108e-03 1.771792590242118048e-01 3.781683919174633896e-02 -1.093392817393109701e-01
3.708216451746614017e-02 9.136824812693247755e-02 -1.075685892434518898e-01 -3.568117033595541443e-02 1.599779221181346078e-01
3.979584616026048127e-02 9.618735875656539425e-02 -1.090277327810826868e-01 -3.715624015098543259e-02 1.622325243508795367e-01
-3.770638877467521327e-02 3.761441013424212526e-02 4.747359484410574870e-01 6.502740410241659996e-02 -2.716177824507616245e-01
-7.129786609697263966e-04 -9.598340935114088590e-02 -1.114434332878075778e-01 1.250027422237162504e-02 -7.654291112304151268e-02
-8.822675045201718025e-02 -1.676675929081973826e-01 -1.159380057984247397e-01 5.517423006678877362e-02 -5.419611284074751789e-02
-8.361409481801204691e-02 -1.510782689018593528e-01 -1.097900808895029279e-01 4.822813235234362644e-02 -3.643292435659671591e-02
4.959803508474741607e-02 9.789984421023367744e-02 -1.020096541371394577e-01 -3.725259756062093003e-02 1.680373839899244603e-01
1.803787004693763879e-02 5.437388870208508668e-02 -1.036243628937345979e-01 -2.246937001520802474e-02 1.274161672180256499e-01
4.094434480033411206e-02 1.034248694670246438e-01 -1.115228143942527395e-01 -4.030240134280649311e-02 1.721824360739730997e-01
3.776493316582797688e-02 8.812977440934888218e-02 -1.089927702699641232e-01 -3.461657979090553006e-02 1.597656437556048414e-01
7.049929504733741525e-02 8.599601282817914694e-02 -1.117074400021123431e-01 -8.965186562057511632e-02 1.429795804970344364e-01
4.949539921960269262e-02 1.136380456995201016e-01 -1.087106128728477922e-01 -4.360981367699548472e-02 1.795255597411497539e-01
-1.996216222168539084e-02 -2.098998688182015376e-02 -1.002190401614787008e-01 4.983754077069519131e-03 6.303994301417510659e-02
-7.367717973459819714e-02 -1.292538288596059848e-01 -1.106184519112957676e-01 4.070842196258325774e-02 -2.125889579600000537e-02
-1.157370745376879173e-01 -2.109448294018886061e-01 -9.118670404390155637e-02 7.232948996483813675e-02 -9.872844231848319774e-02
-4.304348499940623130e-03 -1.356332556125219857e-02 -1.078969371966065627e-01 -3.634646939792689907e-04 8.268874993722585831e-02
2.544651848010183459e-02 7.173836624331073053e-02 -1.080448673909275709e-01 -2.851878813651068101e-02 1.429539735822144830e-01
1.086156681627617471e-02 4.114047695817913547e-02 -1.087057764124429587e-01 -1.785133077073598751e-02 1.193936894195671838e-01
-3.323787444053129952e-02 -5.036853921987924365e-02 -1.083133577963037858e-01 1.470168842685521705e-02 3.435873823072521649e-02
4.069947297647556750e-03 2.986362247608990300e-02 -1.078296909760540073e-01 -1.427959129110291554e-02 1.078374965390393597e-01
2.358780627818562320e-02 5.546136490903631061e-02 -1.098372931772552963e-01 -2.328218857977189943e-02 1.345628346782992701e-01
-2.450731499778539130e-02 -1.158611198357709093e-02 -1.153732963622413343e-01 -1.242596996687422156e-03 7.801044672580413619e-02
-8.847107755142169516e-02 -1.633928670947723261e-01 -1.069439552488904849e-01 5.269369885727401281e-02 -5.108170446325378811e-02
5.179281732570896468e-02 1.191947959793066558e-01 -1.093723603265885219e-01 -4.575319371345723529e-02 1.846428992395967306e-01
3.049578659065955988e-02 6.985885365760946542e-02 -1.100460398992233746e-01 -2.881095375854045987e-02 1.469515491753859981e-01
3.425401935741588522e-02 8.049028446286551897e-02 -1.125690740005308582e-01 -4.114794361096115599e-02 1.430904165790511939e-01
1.829282692848419739e-02 6.182251940949869823e-02 -1.092574643791578565e-01 -2.715613352105211709e-02 1.353140427714190630e-01
-1.002825211393287425e-01 -1.838563404180351135e-01 -9.653654589132244779e-02 6.199464815634220943e-02 -7.286832784974160704e-02
3.520700508420941677e-02 8.324660379648615716e-02 -1.080015459085970631e-01 -3.302468459131543271e-02 1.544962804381443400e-01
1.736408454550361080e-01 6.044532167190583977e-02 -9.479471798437200114e-02 -2.630749505382043996e-01 -1.594557525010781018e-01
-8.848630583170566388e-02 -1.530730085113489736e-01 -8.490465162985173786e-02 5.020143926499980730e-02 -5.199420721356645680e-02
-4.896410523652208746e-02 -7.531978037754166744e-02 -1.120679401219727978e-01 2.144385815738117373e-02 2.626815220274419937e-02
-6.974198571561029958e-02 -1.243230951746243651e-01 -1.046614075061165633e-01 3.990788440472890775e-02 -2.032629807420526999e-02
-1.229089637657968526e-01 -2.312802615801477779e-01 -1.115652279006646708e-01 7.658685925535514694e-02 -1.012279438816693494e-01
-1.244191052718195967e-01 -2.332891560642694484e-01 -1.113363403901726501e-01 7.702329368007979071e-02 -1.043240487294723878e-01
-2.673113387478071729e-02 -2.524762598391989271e-02 -1.092816225563059407e-01 3.287951667590136712e-03 6.210458818302001804e-02
-1.094686415644572225e-01 -2.008492958964341046e-01 -9.941060960022367332e-02 6.739058894934715771e-02 -8.663118834830435544e-02
7.051522450984748502e-02 3.644604913766490845e-02 -5.484438856296836029e-02 -9.579628311517564276e-02 -3.000816894269022275e-02
-9.374424683550666715e-02 -1.742373456237129303e-01 -3.314371646415131822e-02 5.767540204911074386e-02 -1.095858092025123742e-01
3.178718099438081202e-02 8.245038102064791707e-02 -1.094260672155843717e-01 -3.299484273675420964e-02 1.530039961815479466e-01
-9.157535049644816016e-02 -1.679020527268703378e-01 -1.084527527110225181e-01 5.380712058437866346e-02 -5.440243647275123939e-02
5.812475681947031070e-03 2.490715751702541475e-02 -1.091986395200514742e-01 -1.276685597421269545e-02 1.077127822679064123e-01
-1.006252215609472062e-01 -2.082277080372834099e-01 -6.412280087157132269e-02 6.510664302419193195e-02 -1.110831756403176385e-01
-3.271323651585824471e-02 -6.784526438661697689e-02 -1.085126879558885871e-01 9.900810019950072316e-03 2.759408624386713166e-02
