-9.227429156377016384e-02 -1.637322362172707879e-01 -1.022420434744738676e-01 5.301100166687128246e-02 -5.403568835354503885e-02
8.477701323247918697e-03 4.518468186978940454e-02 -1.122138780429193378e-01 -1.889667316636376576e-02 1.210542160670926570e-01
-7.768467057913289869e-03 1.559212322394153832e-02 -1.096905796116618981e-01 -9.763390102310467653e-03 9.579827842656785108e-02
2.729990956017648573e-02 7.179459456858489075e-02 -6.275099668742925574e-02 -2.210135217202946478e-02 1.156988083535586825e-01
4.604558316363062398e-02 1.177126786712423268e-01 -1.142381159076744784e-01 -4.493542987552082840e-02 1.842316735183668064e-01
-1.714562329866213888e-02 -3.351358883293701491e-02 8.917410590859517483e-02 3.394937840376354571e-02 -5.737403329121497364e-02
7.267924165019325200e-02 2.266891512895767846e-01 -2.319932063296453739e-02 5.410633074797177762e-03 -4.533141900966940196e-02
-2.048557392577478320e-02 -1.557132632070533373e-02 -1.058096284534418008e-01 1.392977982702343215e-03 6.935765885624853300e-02
5.229113945463308155e-02 1.265481496178698373e-01 -1.101061876772175818e-01 -4.724776257870465929e-02 1.884503112237680134e-01
-1.212160540533894007e-02 7.087819603816804259e-03 -1.076202481303303038e-01 -7.104948824706870322e-03 8.674914705571511175e-02
-9.698516243788349311e-02 -1.740985116873219329e-01 -9.786079361620740602e-02 5.832963637957255809e-02 -6.443390447264332743e-02
-1.974405073530124954e-02 -1.578843608618989841e-02 -1.044724455307396299e-01 3.496878209428360210e-03 6.515132002253445909e-02
-3.531338443110646624e-02 -3.883888532406244015e-02 -9.369921320211532789e-02 1.217558941768981037e-02 3.998570448600193700e-02
5.011090682250390893e-02 8.660272588227146962e-02 -1.082729964119651112e-01 -3.360509624203851520e-02 1.647886169101084597e-01
4.710501948186643362e-02 1.187501261809651432e-01 -1.074320528423304000e-01 -4.465762072485179174e-02 1.792937518809327724e-01
-9.300206096651790488e-02 -1.758920649718284379e-01 -9.497963792042339592e-02 4.767199814895397431e-02 -8.390385255969323719e-02
4.407523670062299392e-02 1.138614136981364322e-01 -1.120883509235750530e-01 -4.329090510421535615e-02 1.791756482954264540e-01
-5.029270231531157709e-02 -8.727244610815425296e-02 -1.077364007426291070e-01 2.721398505229572634e-02 1.551006343461647057e-02
4.147251133225211828e-02 1.065349827420943585e-01 -1.150238031331200506e-01 -4.454273879624685156e-02 1.675161615667093151e-01
-8.841904293303584628e-02 -1.589215545931654539e-01 -9.637856088469748395e-02 5.280013999437337124e-02 -5.383115969228886855e-02
6.022185222608018862e-02 1.185643950274855862e-01 -1.116927465279706627e-01 -4.564882795583526109e-02 1.920792394518334445e-01
-9.805204312282665702e-02 -1.793715550566517547e-01 -9.521447636558816319e-02 6.059919588635614279e-02 -6.949673141143179744e-02
6.500664184113325028e-03 3.899953077148195918e-02 -1.064670926564949271e-01 -1.743452368664399899e-02 1.140714081432947363e-01
2.401436205178322097e-02 1.518470371490960591e-01 5.960763122179812967e-01 3.883212553716532123e-02 -2.826124198656810305e-01
-7.441165446453439081e-02 -1.578255617348591489e-01 -1.093688621198864175e-01 2.861586165127824599e-02 -7.254966520619975101e-02
5.241136441201660334e-02 1.346646110863324308e-01 -1.118093117398308300e-01 -5.007452427565057401e-02 1.945856566462025317e-01
-7.662583677540807381e-02 -1.413013274659412899e-01 -1.095499103997622375e-01 4.212057114739194141e-02 -3.261952600990394857e-02
-2.025792330239012395e-02 -1.899125829699036677e-02 -8.956270879403263607e-02 6.094098255032968751e-03 5.220655395061706006e-02
-1.144835628230300301e-01 -2.123023497637066270e-01 -1.103396440722537175e-01 6.983686277413826693e-02 -8.670701754596568667e-02
2.541510283706181067e-02 7.483614423811757455e-02 -1.123298607272664312e-01 -3.027593070155835953e-02 1.465701329195656655e-01
3.816372172467155655e-02 1.004258665955955199e-01 -1.114671880586865366e-01 -3.896722159093409660e-02 1.677723825420960324e-01
1.853793123165459189e-02 6.771779266538677233e-02 -1.099156957695264225e-01 -2.719510539503513374e-02 1.365121856420625779e-01
1.518198695704206513e-02 6.094986641284228651e-02 -1.099168060251917989e-01 -2.412410583317756152e-02 1.319364872548325629e-01
-2.285819667094342311e-02 -1.846931268541533028e-02 -1.037253651629149731e-01 4.429728527203490897e-03 6.473586424783414617e-02
-6.075380998471325428e-02 -1.002828090528898597e-01 -1.002027279564474543e-01 2.816574137569245739e-02 -1.166868906245587673e-02
1.610145598295757707e-02 7.157603978750683160e-03 -1.012595459189516017e-01 -1.789135691907913633e-02 9.030960312503928666e-02
4.904599264167594508e-02 1.180797685278386078e-01 -1.142311859007444780e-01 -4.520066794601491911e-02 1.863757592376769634e-01
-6.253842683718524587e-02 -9.936838366024017266e-02 -1.104954164202318206e-01 2.978494701487063162e-02 3.509558915637929488e-03
-2.855464058404241778e-02 -2.535515040777844981e-02 -1.055800196175932515e-01 5.636904222735755927e-03 5.926315054278180616e-02
1.454353288087553014e-02 8.012665610653682546e-02 -1.027323054288650228e-01 -3.051092104597640658e-02 1.382779737034605105e-01
-1.045714842221822510e-01 -1.816281738736691131e-01 -8.130540217797217750e-02 6.641840075340915694e-02 -9.085972080291533637e-02
-9.567236132397397008e-02 -1.737997603045864370e-01 -1.067542043849954714e-01 5.776537755110433547e-02 -5.822286235523060904e-02
2.321299392885422391e-02 6.054249944558754565e-02 -1.020917502718196868e-01 -2.369084911028135343e-02 1.325812191828124598e-01
-1.796045021146563253e-02 -2.316669663067046081e-03 -1.089738289575721414e-01 -3.296059475570959837e-03 7.690229543516197142e-02
4.867922144897811332e-02 1.230529323738959735e-01 -1.140862806715540467e-01 -4.690066335757364646e-02 1.886157090211505183e-01
-9.959244900176472681e-02 -1.813314802698907657e-01 -1.104724212123464194e-01 5.891186958321890238e-02 -6.223476149810863722e-02
-5.812521046349940906e-02 -9.746352646071429482e-02 -9.117418890506547025e-02 3.341172803369441002e-02 -7.910927630229661750e-03
3.780212619105932648e-02 8.721627209093316124e-02 -1.134896317429338886e-01 -3.475384743595692078e-02 1.630294345882740692e-01
-1.072876250191368147e-01 -1.954429056970034828e-01 -9.970110706859383609e-02 6.570352889151366560e-02 -7.946327835440562815e-02
-6.443273710858937742e-02 -1.014445238404869803e-01 -1.091331105302552340e-01 3.151995681887673206e-02 5.636209459589681947e-04
1.616289864667700554e-02 4.985548891658046072e-02 -9.087858638356036134e-02 -1.921032753303512919e-02 1.124563022835310261e-01
4.198227527631882838e-02 1.032307829143144506e-01 -8.950958796472477386e-02 -3.669206829164682604e-02 1.570993966931784058e-01
4.800403234604812275e-02 6.601960474881554686e-02 -8.210059110379266945e-02 -2.207120218396137895e-02 1.055719610964177269e-01
2.339583312968127743e-02 7.051331295521631737e-02 -1.122315455438944037e-01 -2.740107306596219899e-02 1.422484064245739532e-01
-3.594360332967535404e-02 -4.619150517358243391e-02 -1.133023471674293042e-01 5.453117650898173414e-03 3.970286405740855451e-02
1.218361874788455312e-02 4.870091271367459757e-02 -1.114480189307513747e-01 -1.973867283158230179e-02 1.238697026277917890e-01
2.046543514789930795e-02 6.810103225346189615e-02 -1.122247979055678024e-01 -2.667515215773728215e-02 1.401161322689624955e-01
1.780686523813050648e-02 5.502201158108450257e-02 -1.067717260578525257e-01 -2.655037485708804795e-02 1.274742364319413901e-01
4.632118000675441993e-02 1.134894711654236554e-01 -1.045645413997655371e-01 -4.221698556783925332e-02 1.758013830440943448e-01
1.991091026773949418e-02 6.800830196731794119e-02 -9.585516014828761311e-02 -2.502070698287382072e-02 1.320211691139315247e-01
9.531772045600198084e-03 4.387813909984019517e-02 -3.442299528016809496e-02 -8.137516528635870341e-03 7.326256978623900407e-02
-9.662394918766417651e-02 -1.908804059872002135e-01 -1.006837433103005136e-01 5.457973946276182403e-02 -8.555682881582971078e-02
8.437496518022437331e-02 1.723358919939843581e-01 1.996906197573999897e-02 -3.744676559944600663e-02 1.100513644177279760e-01
5.390721212651652938e-02 1.264820105402278683e-01 -1.125706169346061547e-01 -4.817840923133461656e-02 1.926620101066098267e-01
6.525730828617712365e-02 1.173937520879764496e-01 -1.134277597917490166e-01 -4.609889931942796198e-02 1.956039867816300459e-01
9.778328480951885282e-03 5.632506161928577809e-02 -6.725359487437974904e-02 -1.847536432248730182e-02 1.003805073051790842e-01
4.641495499123855784e-02 1.127624746022819757e-01 -7.657587962441206320e-02 -3.808362059811214173e-02 1.568159332684481988e-01
1.897421932614845042e-01 1.222355593084014092e-01 -5.416070764672786114e-02 2.861060536359009629e-03 -1.218305978536983192e-01
1.651590646098397008e-02 7.932052965662100830e-02 -1.117124627638416967e-01 -2.978825376363544719e-02 1.429325003872340405e-01
2.504903545411521493e-02 8.479017218099466069e-02 -1.151078872456290925e-01 -3.256302207071072596e-02 1.536211729058434838e-01
4.052448527714232196e-02 1.017801129371746216e-01 -1.077717043311063189e-01 -3.834193498109872422e-02 1.670612509102460952e-01
-2.978139511819486579e-02 1.546295708502965632e-02 2.810959113207684990e-01 4.496804628412344462e-02 -1.575368945038143897e-01
-5.332928179211211123e-02 -8.233864260330785168e-02 -9.355512830369172583e-02 2.445825418554445352e-02 6.881614396713371662e-04
-4.769373016310309021e-02 -7.209833369473696296e-02 -1.076798075653505049e-01 2.026318129924944630e-02 2.499730251569542289e-02
-2.320796988116458764e-02 -1.157140262191270336e-02 -8.610305268294224379e-02 2.653291656399076048e-03 5.675258386720526127e-02
3.967239762149085691e-02 1.089046545431076041e-01 -1.115594218998085807e-01 -4.107474386668257677e-02 1.732984406329365623e-01
4.170496879979271321e-02 1.123882071746864775e-01 -1.115594218998085807e-01 -4.230414749032197774e-02 1.763512267385203280e-01
-6.891909075748468144e-03 7.605037687191860962e-03 -1.007321926529683997e-01 -5.712761236744271984e-03 8.751445064637537741e-02
-1.026292221986595393e-01 -1.873653264790673123e-01 -1.108695756940153432e-01 6.048643345397300419e-02 -6.811186365926111264e-02
3.520622479943948113e-02 9.753914519210557521e-02 -1.114897053302430774e-01 -3.740229757931060744e-02 1.648971307188233371e-01
1.710917338519304387e-01 4.680902066051787630e-02 -1.153085700436908001e-01 -2.707436229392645166e-01 -1.821582802419150215e-01
-2.941986491907257195e-02 -3.440277803918066757e-02 -1.046442400730571293e-01 8.829458744661771580e-03 5.163849254719934945e-02
-7.803155288348914698e-02 -1.282267799397112107e-01 -6.989121140200296733e-02 4.651631192246764163e-02 -4.676393564507885792e-02
-1.473957415082654404e-02 -8.792023818385695522e-03 -1.041242220222739767e-01 8.896445802903506922e-04 7.444373100064206883e-02
-8.021160781571237686e-02 -1.405906632834774961e-01 -7.128077247135562733e-02 4.094683261589022322e-02 -5.659610152506562575e-02
-1.162988422835887631e-01 -2.172339796769013898e-01 -1.033051818154627488e-01 7.241919170209497325e-02 -9.449080904873340125e-02
3.065322186803880189e-02 8.069583386192685781e-02 -1.117769590201068142e-01 -3.163277206152730753e-02 1.521896696995903575e-01
-6.429815914595730930e-03 3.099471845220600624e-02 -1.034405583443378379e-01 -1.244315552446118543e-02 1.004732362155304065e-01
-1.282538116052452451e-02 9.618798853270556226e-03 -9.803540240819820506e-02 -4.668354840257843766e-03 8.030384951945312988e-02
-3.121491001627753337e-02 -7.184701006871677120e-02 -1.079187323701123191e-01 1.932409239978999035e-02 3.484602283799952821e-02
-8.898973873508259080e-02 -1.566794748609526833e-01 -9.791520322784036390e-02 5.117209905794366243e-02 -4.910251971007872918e-02
-4.028429709230482020e-02 -5.502859649150925597e-02 -1.042891958318704487e-01 1.525484351027216537e-02 3.561506666633258711e-02
4.890884568508477304e-02 1.218301036620217381e-01 -1.108897922358859367e-01 -4.588278911312969333e-02 1.854291667041823577e-01
-2.523530080958073449e-02 -1.393543029715355042e-02 -8.099231290405668748e-02 3.985526586576856184e-04 5.557417678170784026e-02
1.140566044188042610e-02 4.921106313684504158e-02 -1.001259265385837233e-01 -1.995390168303783768e-02 1.195118735709298635e-01
2.944513538372324490e-02 6.551919555731422484e-02 -1.099292592274042774e-01 -2.869225392235009997e-02 1.412862930566292363e-01
2.261562931709142077e-02 4.768096256204246847e-02 -5.456607530568766823e-02 -1.534608478632289337e-02 9.266405915395935222e-02
-7.961092624732015594e-03 8.713970845657600939e-02 4.910372037351544705e-01 5.103911409626124551e-02 -2.460209151955493057e-01
4.455029968503693150e-02 1.129058744668401948e-01 -9.549113404197623334e-02 -4.060913616220897943e-02 1.690264864078423468e-01
-9.823757490262029213e-02 -1.791212383420643095e-01 -9.863377965292992322e-02 5.989771343439773826e-02 -6.677303977586535044e-02
-9.658620885170844661e-02 -1.720831139393005083e-01 -1.073124565007739506e-01 5.634716840978691577e-02 -5.845646683634951601e-02
-1.189012029394682785e-01 -2.213063435172482052e-01 -1.103217869293965647e-01 7.282326460532477508e-02 -9.423783244867205144e-02
-7.734596495155907081e-02 -1.346758226313222451e-01 -1.051806150601888312e-01 4.319853663495681201e-02 -2.996863569224852628e-02
4.838637537052725701e-02 9.965017082145949390e-02 -1.116443320742952355e-01 -3.904648870198514782e-02 1.747700126018471301e-01
-3.681249764868262803e-02 -4.359540924127563999e-02 -1.080298048484598789e-01 1.291496579766079900e-02 4.017889870497798332e-02
-1.152119707111518843e-01 -2.195774174366817155e-01 -1.087957406400831689e-01 6.847709273058733004e-02 -9.905171518472631609e-02
-8.586840174423129857e-02 -1.462828038749548754e-01 -1.089447161310166390e-01 4.767427248910426768e-02 -3.725960124344671054e-02
-8.136383022157842038e-02 -1.432665397741829105e-01 -1.127540968092377860e-01 4.071725758143513590e-02 -3.717783902975672905e-02
-6.707073244255384870e-02 -1.078614407554839838e-01 -1.091620372640789427e-01 3.320876539583429710e-02 -6.063617914479613874e-03
1.275254587654670729e-02 5.420070896010160261e-02 -1.088132554220231363e-01 -2.204972841798912009e-02 1.265907288765365235e-01
-1.312190744361701328e-02 -3.556279232376592658e-03 -1.101307202393192464e-01 -5.157079712150196629e-03 8.510581125984477413e-02
-1.070802706331998033e-01 -2.198157315719571347e-01 -1.097027229430638795e-01 5.532318934803224370e-02 -1.149438777995644145e-01
-4.087745433625551705e-02 -6.091784061192281885e-02 -6.740203622617760293e-02 2.087996633452736742e-02 2.759153893774762834e-03
4.528735799839489484e-02 1.118721837371650096e-01 -1.101012812682802822e-01 -4.234094795336115769e-02 1.774189072822084101e-01
-3.928916737975456791e-02 -5.022447690998798481e-02 -9.006104961383233631e-02 1.245109550715968114e-02 2.300742339637430744e-02
1.958541676921991131e-02 6.691163019589951855e-02 -1.119354175479631286e-01 -2.640021070650511864e-02 1.386670257076557666e-01
-5.486044592427281180e-02 -9.186247080646275931e-02 -1.024421245330215946e-01 2.885297860250234103e-02 4.923009373373473524e-03
-1.098345250302487364e-01 -2.005294045546266446e-01 -6.681009462672417298e-02 7.064458294628923885e-02 -1.033835011241831942e-01
7.020308062132474269e-02 1.313687603898086587e-01 -7.310288673035197915e-02 -3.843671981787609437e-02 1.518910106629071666e-01
1.053835031527472627e-01 1.670189070251716645e-01 2.981329037836495388e-01 -3.449518934923071628e-03 -3.268083533152869868e-02
-9.041083566823018836e-02 -1.574600701517555046e-01 -9.802200909167030352e-02 5.296974759743609124e-02 -5.373924655037523590e-02
5.354170166705889133e-02 1.232696661003245542e-01 -1.124392281165575158e-01 -4.687876292921522303e-02 1.901619193590532997e-01
-8.185079409620171775e-02 -1.595875790587328313e-01 -9.782750563493938789e-02 4.365119632476913841e-02 -6.231179028950493970e-02
5.251091787309045134e-02 1.235845439371686116e-01 -1.094621805215825194e-01 -4.647631821637773775e-02 1.868278236101951761e-01
-9.172703976834038764e-02 -1.669997184128395040e-01 -1.058223215084027335e-01 5.355532731844742794e-02 -5.576085331381791521e-02
-1.291390535555948099e-02 -1.628972097295004751e-03 -1.119505685091582714e-01 -2.648901310171853860e-03 8.416556376739615930e-02
-5.210548317001131857e-02 -7.625826073061914290e-02 -1.098779587240287792e-01 2.230317357007894491e-02 2.121249432916794131e-02
-9.326647318412020771e-02 -1.643752007467614018e-01 -1.074366734011960589e-01 5.392837973414151692e-02 -5.191746190212127854e-02
-2.226205452586170822e-02 -1.775334804512934683e-02 -1.111074976655262031e-01 3.097451184354289844e-03 6.963235663931009733e-02
-1.117199636529164902e-01 -2.047727179948770626e-01 -1.101384634679583169e-01 6.745880515461046001e-02 -8.068028027395489354e-02
-8.769962342370243857e-02 -1.464294989834116767e-01 -9.044378014311579839e-02 4.932336653401758059e-02 -4.916365412120055067e-02
-7.260584976897044296e-02 -1.621839734651475129e-01 -9.398683455427578326e-02 2.296464097084586001e-02 -9.812199641965729802e-02
-1.754133310129065218e-02 8.982331272219763740e-03 -8.981482085182378172e-02 -8.078871911614477971e-03 6.908762268540516449e-02
-8.746496141780690792e-02 -1.583048764637788874e-01 -6.859618575405906915e-02 5.541800233499751677e-02 -6.934214668281321603e-02
-1.103297202222136009e-01 -2.071445903022696711e-01 -8.985574222617014051e-02 7.101880027115628491e-02 -9.403475798001177666e-02
4.242955577698513669e-03 3.632531259401986651e-02 -1.144926326435719288e-01 -1.620437978977607579e-02 1.163680884466149756e-01
3.644102099217419455e-02 1.009170814575912345e-01 -8.774890465368166692e-02 -3.473661681127835493e-02 1.522608998894710297e-01
-8.125740134393674707e-02 -1.402643951595673455e-01 -1.023544880555540965e-01 4.570590095612890591e-02 -4.986669714455967128e-02
-4.867735709284355672e-02 -7.922624231447321363e-02 -1.036934811208040236e-01 2.511424002270580547e-02 1.503809557163383014e-02
-8.017986101742007043e-02 -1.347672424820701709e-01 -6.363326800424029539e-02 4.947223414285566861e-02 -5.701816221958952435e-02
3.920869673959113955e-02 6.361489829428798592e-02 -5.705399902172184068e-03 -6.289498723228464927e-02 1.126623816414119295e-01
-5.337130898728205397e-02 -9.121001031401992920e-02 -8.662358403341127722e-02 3.127506293303646684e-02 -1.866694951223941967e-03
-1.643769424213121361e-02 -4.031721205052810064e-03 -9.815541938926666821e-02 -5.077125928470982430e-04 7.204276510515650322e-02
-9.863011791833493913e-02 -1.828049467022606900e-01 -1.008778986645464809e-01 5.641491426664228814e-02 -7.511899411049979824e-02
-7.018060489777881716e-02 -1.127074619737032657e-01 -7.951221755205675756e-02 4.192490778672054719e-02 -3.376864932132625507e-02
-9.706762206126995363e-02 -1.749831354817488194e-01 -1.115246736322701160e-01 5.546085085009258564e-02 -5.776268449498282720e-02
-8.138313939621022453e-02 -1.384609137658017464e-01 -1.074138253364391310e-01 4.470821520088602563e-02 -3.153762546077860940e-02
-1.136732353569645942e-01 -2.115031996363606892e-01 -1.028349266518427813e-01 7.049438106713737384e-02 -9.018890654835853837e-02
-8.985950805619334625e-02 -1.612955366940061197e-01 -1.066576769619068249e-01 5.213410186022141707e-02 -4.931923657783549020e-02
-1.005858369173206479e-01 -1.823622346235313219e-01 -1.106054325789245785e-01 5.921587040194973423e-02 -6.291518920915610547e-02
-1.009931357956711240e-01 -1.842387893143285771e-01 -1.101445344137959303e-01 5.893992557769515278e-02 -6.657613051884472832e-02
-1.042668493337614855e-01 -1.913444479642024409e-01 -1.098836648485785467e-01 6.182505750944711220e-02 -7.179842689906125452e-02
-1.057225425410394798e-01 -1.982056772808846734e-01 -1.092544689094573085e-01 6.485441762254808007e-02 -7.466575030117118816e-02
-7.005622056405153009e-02 -1.179652878328633359e-01 -1.072902313200473357e-01 3.771283804742056600e-02 -1.363770588022474722e-02
-2.944217971169839007e-02 -3.311583729425149336e-02 -1.050516567113458088e-01 8.503435101711746824e-03 5.412897628845939058e-02
-1.129733262687478840e-01 -2.109075089366346800e-01 -1.034802557285068036e-01 7.048283987727964328e-02 -8.951503389502821206e-02
-9.392139705395867455e-03 3.857274782575033367e-03 -9.976781891670503943e-02 -9.467001549206474631e-04 7.548610320646963190e-02
-7.582318064812382241e-02 -1.303804884170183254e-01 -1.050417348074694224e-01 4.186416474308433250e-02 -2.523857223757046755e-02
2.061720296418049353e-02 4.916967290051132283e-02 -9.135063285400647770e-02 -1.829156002989427987e-02 1.175517542322358916e-01
-6.207757609847414093e-02 -1.136718665810360074e-01 -1.078515883788234153e-01 3.675067589644582383e-02 -1.665912010352697467e-02
-7.501088443255099492e-02 -1.276787638223616239e-01 -1.100799621199715916e-01 4.053267134688381262e-02 -2.020257612102014863e-02
-1.069107859767743363e-01 -2.046692713379011375e-01 -1.036535826423248124e-01 6.391724052084582497e-02 -8.940864349042332293e-02
4.069955905083989800e-02 1.002214941922614788e-01 -1.006625081560820339e-01 -3.742570820122765457e-02 1.642776489188590150e-01
-7.557775714591709326e-02 -1.283392739816767714e-01 -8.901342572596586400e-02 4.386008462123756890e-02 -3.239357733522242599e-02
-1.116174787407426261e-01 -2.059127799446568430e-01 -1.078674199380273702e-01 6.735335263675050477e-02 -8.502015927275988205e-02
-6.407762111428472185e-02 -1.282376988159739106e-01 -1.134032154748142174e-01 2.497246958988104393e-02 -3.461051183706694012e-02
-1.168418196492594235e-01 -2.163436927399665644e-01 -1.096419612695623824e-01 7.150983564677970694e-02 -9.093085147327918671e-02
1.627544697829529929e-01 5.477959251383140299e-02 -1.015101010077941179e-01 -2.404884664843200126e-01 -1.607755461565724686e-01
-8.318075989455128716e-02 -1.467010424928354706e-01 -1.093195175712220052e-01 4.709009213679565126e-02 -3.844588127194902005e-02
-8.994640172259477096e-02 -1.597394389728727104e-01 -8.939666795616516004e-02 5.454659862233434547e-02 -5.841853924689249800e-02
-4.458566361967435804e-02 -6.280717044834560614e-02 -1.142675401793242784e-01 1.845538650959999832e-02 3.469484994605927936e-02
-6.081607712316081105e-02 -1.001919176459163396e-01 -9.422955213438229116e-02 3.251497146137873745e-02 -6.275528079259115599e-03
5.120072517817876590e-02 8.773360333273927392e-02 -8.689571893445253992e-02 -3.386526088893240111e-02 1.559263715133809292e-01
-1.173531483430443334e-01 -2.174899183964752458e-01 -1.058773424849521194e-01 7.211375850034018598e-02 -9.404367810559598195e-02
2.358685764716490774e-02 6.855692934829932250e-02 -1.045939381674581142e-01 -3.054322532446988869e-02 1.320428064940364632e-01
-7.592810062226695855e-02 -1.248264038005171828e-01 -9.204971309332939111e-02 4.034490909643266565e-02 -3.073848314745521518e-02
-9.893513806891086892e-02 -1.794024924624742223e-01 -1.094876334247642247e-01 5.770825432629799606e-02 -6.263380495386740299e-02
-1.054383651452029114e-01 -1.911449492915857917e-01 -8.211337063073140263e-02 6.731193751037622963e-02 -8.861041247100624740e-02
-5.746192258122249930e-03 1.665443588542683123e-02 -1.137467181245077480e-01 -8.996585981220073594e-03 9.852682324489356325e-02
-9.985652846379075576e-02 -1.849570262951985844e-01 -9.997923933412677933e-02 6.305164886001710101e-02 -7.134925145295410720e-02
-7.650642980991567699e-02 -1.345391978177465087e-01 -8.195989008325853253e-02 4.601498841624535735e-02 -4.111767938692238722e-02
-8.783628775117807708e-02 -1.962800727228436737e-01 -1.099588935952803270e-01 3.408804061731505325e-02 -1.120077913671188585e-01
-1.154250746640462372e-01 -2.265628983650167516e-01 -1.093806733335156850e-01 6.578710206915075465e-02 -1.106906009440325189e-01
-1.228308958772906939e-01 -2.289163306714883939e-01 -1.092413192385278953e-01 7.589771631672796726e-02 -1.011721585987988697e-01
-1.024955059084745324e-01 -1.927486413377889340e-01 -1.129193963481887886e-01 6.326512887212730474e-02 -6.777799995563363322e-02
-1.613518122639864827e-03 1.922128827857621375e-02 -1.011579720527503445e-01 -8.304994985584996867e-03 9.503840980727686072e-02
8.043629817542523319e-03 5.579840137711102738e-02 -9.598608653631952869e-02 -2.413544640377803668e-02 1.082337789429116404e-01
-5.602206111340708727e-02 -8.717792953207315065e-02 -1.123863233850746907e-01 2.755676993678956438e-02 1.236815744565273635e-02
3.767150737194271959e-02 3.930615132146163954e-02 4.280875210613647175e-01 5.363721031198429023e-02 -1.908584484673088999e-01
-1.046865764420154971e-01 -2.147573119784334517e-01 -1.098558008117751783e-01 5.353965447133036959e-02 -1.107328502059331254e-01
-1.238926501536235791e-01 -2.294424187958231942e-01 -9.471543116827352282e-02 7.819547443641970685e-02 -1.111503380132267127e-01
-7.506033915989976379e-02 -1.290076612854467175e-01 -1.087420916404968352e-01 4.271077880339683996e-02 -2.653016161866527181e-02
-1.264941134801750022e-01 -2.367667167627043046e-01 -1.091598756127179631e-01 7.873137912718097819e-02 -1.076271855969220398e-01
-1.219988452239129384e-01 -2.246496361583789902e-01 -7.599156437340374992e-02 7.917312907470214212e-02 -1.189139196200506565e-01
-1.083823233161338578e-02 2.356977147346196039e-02 1.446818974005605329e-01 2.369900869824342893e-02 -5.864970162405924725e-02
-9.805503265693080173e-02 -1.766171661748550947e-01 -1.086925836249489075e-01 5.770303852852923243e-02 -6.110139204168822669e-02
-8.779254205820992418e-02 -1.580001561795074116e-01 -1.111181653722023849e-01 5.047600958441984115e-02 -4.144243240450980192e-02
-9.464709406392080027e-02 -1.693767030025869758e-01 -1.098296098705734414e-01 5.482688713118785695e-02 -5.361070122922569070e-02
-1.098226445725901806e-01 -2.016340106325703874e-01 -1.109274466382351582e-01 6.580227113371429903e-02 -7.794512876500424292e-02
-1.376098485177864802e-02 -5.292807837525531633e-03 -1.096755551825475683e-01 -1.047063403764989312e-03 7.949580377168130596e-02
-2.291933027713312712e-02 -8.733237463498362552e-03 -8.119897328560060634e-02 -1.418846192878814999e-03 5.969412837080161072e-02
-1.173531483430443334e-01 -2.174899183964752458e-01 -1.058773424849521194e-01 7.211375850034018598e-02 -9.404367810559598195e-02
-1.023609184643495956e-01 -1.945436563728845381e-01 -1.006063157696690524e-01 6.016425526272801277e-02 -8.255015861696611557e-02
-1.168654847484091458e-01 -2.197419193431890960e-01 -9.446517700991950706e-02 7.050575582921818352e-02 -1.089493605068900389e-01
-1.042411361480820031e-01 -1.871141701230628618e-01 -5.805370160300010740e-02 6.893123995008559879e-02 -1.008206147788451024e-01
-1.162377777309021865e-01 -2.269961787827984578e-01 -1.097500277710234950e-01 6.650573082861256646e-02 -1.101866426226967982e-01
-1.410569407919361890e-03 1.975856564153750244e-02 -1.146674652288270646e-01 -1.221744824913268725e-02 9.866599109125567812e-02
-7.714020512564642718e-02 -1.303957514458328470e-01 -8.663381849004114788e-02 4.528387486697979525e-02 -3.559312174778286875e-02
-1.301437546285871827e-02 -3.054614820004791786e-02 -6.959026153937515613e-02 1.021977820471618378e-02 3.404154875433346161e-02
7.401124939210715348e-02 1.101865368217087582e-01 2.851566637472752186e-01 1.151223319320270402e-02 -5.681910739718028236e-02
5.533861091969499713e-02 1.299229707771892839e-01 -1.105827416019899978e-01 -4.893275542232036063e-02 1.925711476674739908e-01
-1.059900906537446508e-01 -2.025214808161227564e-01 -1.083788305794300133e-01 6.727244936877628534e-02 -8.981234764042526908e-02
-1.058877366445647311e-01 -1.943950709086785800e-01 -1.112335913295753875e-01 6.273588145656959492e-02 -7.300252604469319173e-02
-1.013923805510633658e-01 -1.868647913810375094e-01 -1.103725204588435205e-01 5.682553925842224324e-02 -7.214789649415254136e-02
-1.953535087253108898e-02 -2.453941029841587296e-02 -1.076362683403117998e-01 5.500624891345499111e-03 6.479064809609620668e-02
-1.076023566986431396e-01 -1.961089558165208246e-01 -1.094170082234343366e-01 6.432007289873575839e-02 -7.472703469565675216e-02
-9.168986577213421307e-02 -1.660785231139279283e-01 -6.551079980743457210e-02 6.017325981018462749e-02 -7.754682308521372580e-02
-7.947964448696329121e-02 -1.368568655850171123e-01 -1.079139421995551629e-01 4.374876148729237024e-02 -2.827349610340387440e-02
-1.121036878903222539e-01 -2.054543768832940154e-01 -1.110401137145187594e-01 6.711809181668475233e-02 -8.225061906385823518e-02
-1.072827398508606478e-01 -2.016935996582802648e-01 -1.121486984187671510e-01 6.090483132779360431e-02 -8.431833375445035861e-02
-1.264941134801750022e-01 -2.367667167627043046e-01 -1.091598756127179631e-01 7.873137912718097819e-02 -1.076271855969220398e-01
-1.155945216759562966e-01 -2.225813207435241858e-01 -1.097397717047811638e-01 6.853919530729239706e-02 -1.013507583517139765e-01
-3.647719234281538575e-02 -4.473050405367599847e-02 -1.087729434784905358e-01 1.199719600983781102e-02 4.581059593199859198e-02
-1.128989313266568761e-01 -2.195315214750447330e-01 -1.097050245205012792e-01 6.747378158784606006e-02 -9.819010374682111963e-02
-1.020554920066831517e-01 -1.850080610664703307e-01 -7.031793620282084101e-03 7.391184171183401430e-02 -1.282040736136393355e-01
-1.088306429990627822e-01 -2.011059242711524531e-01 -4.733539056100975057e-02 7.504088723010290951e-02 -1.176809123882216479e-01
-8.325180301697640561e-02 -1.507495411310467992e-01 -7.805913435710604142e-03 5.444125741531870982e-02 -9.220581812608368011e-02
-9.672376237307721281e-02 -1.736776361779139299e-01 -9.853639980668410514e-02 5.790240668194215207e-02 -6.436504524331615462e-02
-6.622570712204214893e-02 -1.103190827642352156e-01 -1.040931111172691548e-01 3.486724575184724922e-02 -1.020788810368207858e-02
3.154443059362113666e-02 8.222848454442976962e-02 -1.107184211765131626e-01 -3.227266765314848462e-02 1.540634007472775069e-01
3.154443059362113666e-02 8.222848454442976962e-02 -1.107184211765131626e-01 -3.227266765314848462e-02 1.540634007472775069e-01
-7.219531581345792204e-02 -1.319055230788166722e-01 -1.136758188285138249e-01 4.312930881491157387e-02 -2.760182076489399797e-02
-1.102371165095859112e-01 -1.967358583824948826e-01 -8.461337063073140485e-02 6.901655019981428607e-02 -9.287869275590707185e-02
1.941990100860721546e-02 5.694249123476816804e-02 -1.105960130051355517e-01 -2.349632433794316549e-02 1.337104572485153242e-01
-1.097841907413119739e-01 -2.071453502342614217e-01 -1.078205911806109085e-01 6.359623837530614665e-02 -9.177360107317825144e-02
-7.537584407535426190e-02 -1.302065032216318530e-01 -1.055728822293336699e-01 4.188318237962958268e-02 -2.376838557849662512e-02
-5.493427825008746768e-02 -9.884768123679649188e-02 -1.106811081172775491e-01 3.201249204512143093e-02 -3.498107835059629384e-03
-1.133317472000436865e-01 -2.084911994390218903e-01 -1.003396440722537225e-01 6.979469548989934713e-02 -9.025377326845092363e-02
-8.532195686617891073e-02 -1.562593712862754558e-01 -1.123436813703599241e-01 5.046159096556656481e-02 -3.822728584149062692e-02
-8.284700541704216603e-02 -1.525503448220829616e-01 -1.132938425603223082e-01 4.920496777799927834e-02 -3.458732137322982625e-02
-1.021354863021690651e-01 -1.851470466386700986e-01 -1.059654838802431276e-01 6.193658632358541721e-02 -6.807004209588755905e-02
-3.897375059516965806e-02 -4.797241739168796315e-02 -4.390738070841536389e-02 2.210782841695047712e-02 4.117222864610239549e-03
-4.540959346364555060e-02 -6.073232088224671255e-02 -8.988594801134892898e-02 2.061321155066074204e-02 1.902620876932588009e-02
5.826411785668027254e-03 2.312864630590683729e-02 -9.712746204149684537e-02 -9.933709957163165336e-03 1.003493728444889294e-01
-1.109371808113045893e-01 -2.041397325176220190e-01 -8.657022303587647016e-02 7.080457634247355747e-02 -9.425695230760167131e-02
-7.979434733613433028e-02 -1.444056553163460821e-01 -1.107352865661762054e-01 4.678734521697926890e-02 -2.984565281282636554e-02
-7.144250326632806125e-02 -1.030507259222060712e-01 -3.636368372278547118e-02 4.282882177620789960e-02 -5.037662045759588869e-02
-5.357505730804078270e-02 -8.278776351565331204e-02 -9.760179630199032619e-02 2.646480446150869040e-02 8.148474854100541329e-03
-7.907465699577941043e-02 -1.332010484621863056e-01 -1.090750525192633463e-01 4.256088106451236253e-02 -2.599738551222305696e-02
-6.438231622425230616e-02 -9.427641305590388210e-02 -7.035167877796769109e-02 3.523724926507146304e-02 -2.034464842774362167e-02
-7.659747385265287811e-02 -1.400155409553198727e-01 -2.154287199469553937e-02 5.699361514470913798e-02 -7.980354984308450639e-02
-9.969347201118725077e-02 -1.862385791172524452e-01 -9.219938048226665461e-02 5.833089206494356665e-02 -8.340169122196276763e-02
4.072831546959009008e-02 1.047396602140150679e-01 -1.010644765707256892e-01 -3.856748669080908853e-02 1.651592974743582853e-01
-6.452771866679615775e-02 -1.056656461682912163e-01 -9.353324877705944396e-02 3.603190129542267056e-02 -1.754391706097401318e-02
-2.807577827093319517e-03 -1.076718523547195994e-03 -1.106076084981411078e-01 -2.039528591685305092e-02 6.726516694090496629e-02
-4.049773620265451068e-02 -2.041794722297283343e-02 9.380695879089165357e-02 3.269719176593554461e-02 -7.051272073534137208e-02
-8.194297382944860930e-02 -1.398387307164553062e-01 -8.084857338198128685e-02 4.989036866151901062e-02 -4.970344816312215197e-02
2.090114434404045651e-01 6.749899275982440550e-02 -7.594168238181010777e-02 -7.284932266443467155e-03 -2.144065232982897418e-01
-7.012269677939295121e-02 -1.501872522211409045e-01 -8.993846811210991221e-02 2.960585408064110580e-02 -7.916031567368307653e-02
4.407523670062299392e-02 1.138614136981364322e-01 -1.120883509235750530e-01 -4.329090510421535615e-02 1.791756482954264540e-01
-5.432520702291868120e-02 -1.315972253662835989e-01 -6.872781193736157701e-02 3.268067354347251735e-02 -9.090761478989345390e-02
-8.354463699477993055e-02 -1.454375109060610238e-01 -8.366874533675097703e-02 5.110885928625410329e-02 -5.121371453250377070e-02
-4.314259226251580814e-02 -5.501465907651018755e-02 -9.332224128625267456e-02 1.776983237881931896e-02 2.676080150170117786e-02
1.943326305439465052e-01 1.007833042036763715e-01 -6.531927262819665903e-02 -2.879374221685191415e-01 -1.793160710893237086e-01
-4.049773620265451068e-02 -2.041794722297283343e-02 9.380695879089165357e-02 3.269719176593554461e-02 -7.051272073534137208e-02
4.710501948186643362e-02 1.187501261809651432e-01 -1.074320528423304000e-01 -4.465762072485179174e-02 1.792937518809327724e-01
5.372271089533245392e-02 1.186673961479469686e-01 -1.034505175468857369e-01 -4.684467155243352693e-02 1.609678276385099194e-01
5.212460398613345813e-02 1.275892145263464728e-01 -1.132995546635438833e-01 -4.853570896193393908e-02 1.925648300414273262e-01
-3.807539278830471274e-02 1.737709870871975010e-02 3.496243466790139864e-01 5.208257428424402369e-02 -2.087345052814072732e-01
-2.995357564886037133e-02 -8.547605240516938097e-02 -8.330537473369231671e-02 2.906539637236573576e-02 -7.771569712057299628e-02
4.505375699754865515e-02 -6.115273272513693792e-02 -7.361993805951240477e-02 1.826458901836023122e-02 -1.431425810558486222e-01
-1.007711726353235776e-01 -1.809544160727231121e-01 -9.802528006899401125e-02 6.066177346344410470e-02 -7.002914158620537899e-02
4.996060091465601150e-02 1.168985544362701745e-01 -1.142149677595263313e-01 -4.501653045896918809e-02 1.865518901981725042e-01
-1.134262084277357363e-01 -2.099428640840204363e-01 -1.075833924860704616e-01 6.917072718066989701e-02 -8.823396960069150585e-02
2.904062469923609363e-02 8.766958561476090317e-02 -1.024031612390687573e-01 -3.266406436948590675e-02 1.502685641729444299e-01
3.742657086610662320e-02 1.047925009378006811e-01 -1.135928829517406508e-01 -3.973157787669591434e-02 1.710054435472735945e-01
1.193347640421514588e-02 7.091084510548470443e-02 -1.039458880811655050e-01 -2.501489984563238372e-02 1.242983007247176475e-01
5.251091787309045134e-02 1.235845439371686116e-01 -1.094621805215825194e-01 -4.647631821637773775e-02 1.868278236101951761e-01
-2.225078606444876733e-02 -2.120096689099965764e-02 -1.119222679516920227e-01 4.040286025227090086e-03 6.770091977027910268e-02
-1.185244986241013876e-01 -2.201710623451278159e-01 -1.092364698539715906e-01 7.291448958815749393e-02 -9.386236436008299489e-02
1.763245748293831849e-02 4.602627987850639590e-03 -7.361923833615133250e-02 -2.119610651032912546e-03 8.407768962281174374e-02
4.407523670062299392e-02 1.138614136981364322e-01 -1.120883509235750530e-01 -4.329090510421535615e-02 1.791756482954264540e-01
2.638255015466405701e-02 8.521704872626478799e-02 -1.139780384760904208e-01 -3.305414750003365931e-02 1.545810826701490559e-01
-5.118217051734483269e-02 -8.224940199283470310e-02 -1.076045549473610419e-01 2.509354943713800606e-02 1.663058484177109414e-02
2.041432641259948583e-02 6.774676100520943267e-02 -1.082308289618040681e-01 -2.765066382078190665e-02 1.374758062273557513e-01
4.742691856624282887e-02 9.963024377954118882e-02 -9.147078836574386307e-02 -3.231090704260602270e-02 1.490788260297108425e-01
-2.171957767752900198e-02 -3.526947813539516030e-03 -9.556735648458015986e-02 -3.335813362978572519e-03 6.008713666290903255e-02
4.329534372096179029e-02 1.067801129371746538e-01 -1.077717043311063189e-01 -4.009934546063802230e-02 1.713552057536546214e-01
3.466675852615105913e-02 1.084738148398654012e-01 -1.048866638263682288e-01 -3.952562132588054167e-02 1.660368261490392516e-01
-2.978379337710828495e-02 -3.382979742716228644e-02 -9.751300609617789827e-02 1.068691085075727278e-02 4.843485173557519896e-02
3.388294102357820858e-02 8.394590829987791381e-02 -1.136491577077278908e-01 -3.813177901272810782e-02 1.523134098646726498e-01
1.927235474533391113e-03 3.534357105987167430e-02 -1.105347547523628376e-01 -2.050114517956088539e-02 1.040867919209427644e-01
-8.293466317245065667e-02 -1.534615307237459647e-01 -8.462965635692797084e-02 4.906461356600761575e-02 -6.071378245481592884e-02
2.837061759327991206e-02 7.433671428589014307e-02 -9.409651120836264038e-02 -2.741410746169927609e-02 1.379937732415465468e-01
1.688670355537503776e-01 8.825594961386415416e-02 -9.556252293504712003e-02 -2.528688493016937877e-01 -1.187853675631610484e-01
-1.043674242724281637e-01 -1.844550950844565385e-01 -1.016647271990225726e-01 6.362764136419252203e-02 -7.487206449373909334e-02
-7.217987361175617900e-02 -1.257652213189128232e-01 -1.141249993914158906e-01 3.526708030885030570e-02 -2.082083185223601238e-02
-8.661977932280975900e-02 -1.530693022132758874e-01 -1.062694819428754989e-01 4.982660256878648081e-02 -4.166082816201806260e-02
-1.233872401824567394e-01 -2.303080745902641446e-01 -1.089668460774445569e-01 7.649197669309742986e-02 -1.026108802521730340e-01
-7.155297413607439316e-02 -1.600791115927766572e-01 -1.003712349088776157e-01 3.850780358973819595e-02 -8.595947815424201388e-02
-4.016001745297833464e-02 -5.101238478454862835e-02 -1.099459428556603252e-01 1.312788831418192081e-02 4.064088881969217526e-02
4.864558768752154372e-02 3.813664409710309372e-02 -1.032290204021332064e-01 -5.742277278826701109e-02 9.374649768920113868e-03
1.958541676921991131e-02 6.691163019589951855e-02 -1.119354175479631286e-01 -2.640021070650511864e-02 1.386670257076557666e-01
-9.805503265693080173e-02 -1.766171661748550947e-01 -1.086925836249489075e-01 5.770303852852923243e-02 -6.110139204168822669e-02
-1.980227907899488604e-02 -1.668446683559054317e-02 -1.102436193678183185e-01 2.583553789137356740e-03 7.118985434893441988e-02
-1.075278799924798412e-01 -2.033481155816037889e-01 -9.324370561485985365e-02 6.501667515766781924e-02 -9.510570653668554142e-02
-5.784384174668270873e-02 -9.365007253442139690e-02 -1.091689825550595100e-01 2.863744951266746636e-02 8.486785881028382356e-03
