-1.048750026379530048e-01 -1.919461464598871403e-01 -1.125414093909374996e-01 6.148727917347506650e-02 -7.121488198982321716e-02
1.453585788045145405e-02 4.465998713306818663e-02 -1.124578101838360766e-01 -1.862009416671877443e-02 1.233004063165439590e-01
-9.873557351754647798e-03 1.115625765374966133e-02 -1.115364246084166872e-01 -9.171331315540055470e-03 9.322976424164139408e-02
4.377019690646177796e-02 9.619374587966350587e-02 -7.767194798914568710e-02 -3.287122450977676691e-02 1.472049573447102022e-01
3.898289033932486602e-02 1.029050712001151890e-01 -1.139460293743999597e-01 -3.980865619564048080e-02 1.727294544246520402e-01
7.745314599249331078e-02 2.137619451924417380e-01 -3.191450547210606531e-02 -5.712470101176052653e-03 5.197264278381994590e-03
2.768479395950411426e-02 7.794773784755926194e-02 -1.099528859487360066e-01 -3.036343063579866747e-02 1.497991852365604670e-01
-1.470384140067232046e-02 -6.704793007009844652e-03 -1.105777519097380507e-01 -2.811458513026285702e-03 7.745998635766852825e-02
-2.711316912320470979e-02 -3.334074126754610345e-02 -1.097959009371637512e-01 6.574110553030748129e-03 5.331323368600403290e-02
5.613362584858484772e-02 1.263071603217512384e-01 -1.110726844693793319e-01 -4.686949187024032348e-02 1.894219746940297711e-01
-1.844937080648752920e-02 -8.142859960436531208e-03 -1.103544087006705227e-01 -3.862318401436097906e-03 7.490374052904923141e-02
7.360909727357603516e-02 1.359575034176441766e-01 -1.123162374664086333e-01 -5.091638165761804696e-02 2.056609159578420554e-01
-9.490465904720472856e-02 -1.938088771050835712e-01 -8.320956171868951201e-02 5.597489568509780855e-02 -9.024167930506159230e-02
-1.058209309632484885e-01 -1.913993395683927512e-01 -1.118473321216045951e-01 6.194582678180463736e-02 -7.086400393172775924e-02
5.132344375104111456e-04 1.297616644806812852e-02 -1.135930119511990022e-01 -7.448790136884922072e-03 9.715228545338522315e-02
5.371240601095772504e-02 1.248369565209809517e-01 -7.752282442458277578e-02 -4.259373296219427091e-02 1.692401042029436642e-01
4.269446864257282759e-02 7.010745350145489163e-02 -1.096191681037286536e-01 -2.886936299448763371e-02 1.539834227381220999e-01
3.881742077352495768e-02 9.559122997497201957e-02 -1.110779045736240422e-01 -3.642430276749668988e-02 1.636874918194078654e-01
-9.011091712534888276e-02 -1.613036884571152629e-01 -8.119539232400431461e-02 5.084161091289306211e-02 -7.231961777961731785e-02
2.768479395950411426e-02 7.794773784755926194e-02 -1.099528859487360066e-01 -3.036343063579866747e-02 1.497991852365604670e-01
-8.416999565182269050e-02 -1.502200924625868572e-01 -9.728427465646917460e-02 5.052746465988459945e-02 -4.361825268622673835e-02
4.985227532113646609e-03 2.912404308650922563e-02 -1.135557115403460909e-01 -1.834059060938492136e-02 1.068664620644164953e-01
4.351798415110681717e-02 1.074727070111785310e-01 -1.153962830914721793e-01 -4.192000348494392264e-02 1.794639668324640724e-01
-8.517318515365157605e-02 -1.452521803221890340e-01 -1.014857152459997525e-01 4.687905952276347210e-02 -4.163665435975595630e-02
1.606866532067097869e-02 5.052319995755850252e-02 -1.131957357767977568e-01 -2.131393752065802172e-02 1.297857290283838672e-01
4.617721025593921058e-02 8.745512610300737455e-02 -1.127525897558475237e-01 -3.508434477883513869e-02 1.687834894677864850e-01
-9.963959535059989381e-02 -1.852754912073960314e-01 -9.055663919121556549e-02 6.292270345510440899e-02 -7.639777915337747638e-02
1.052154646696450840e-02 4.424672633610621936e-02 -1.106759379570841639e-01 -2.031559764982547589e-02 1.195189311554186729e-01
3.260264463593666451e-02 1.416274599932332845e-01 5.331771756212854152e-01 2.668143653577921548e-02 -2.517221625059567480e-01
6.582967204258848015e-02 1.413082638222452614e-01 -1.109799210615090154e-01 -5.205211768976310965e-02 2.012794492500223908e-01
-8.011534969986379429e-02 -1.549569019710211326e-01 -9.309083194380486648e-02 5.263089039737776226e-02 -5.820593290118575291e-02
-5.486975582320648137e-02 -8.378969648361497824e-02 -1.028530306161170027e-01 2.604246443211758258e-02 9.158736537609112396e-03
-1.096654219622379134e-01 -2.029940891784723922e-01 -1.119786140745491765e-01 6.556545091920353008e-02 -7.834798226522872444e-02
2.524991519832956582e-02 7.390029025492944603e-02 -1.120313531533905504e-01 -3.030938417270587909e-02 1.480642020507016987e-01
3.502948880441232593e-02 9.264346744728377270e-02 -1.134753112885302506e-01 -3.667743707778498008e-02 1.645365002483271666e-01
2.789038761902340458e-02 8.321384499947459545e-02 -1.116694365294773617e-01 -2.999926954430034987e-02 1.453027737054090329e-01
-1.644772690246940755e-02 -1.109559444368164033e-02 -1.124584678515345298e-01 2.383751371929712648e-04 7.843832842866123312e-02
-7.147204542447097020e-02 -1.209292776929938862e-01 -1.010024552853885788e-01 3.930490955409322168e-02 -1.946231880443351561e-02
8.556513392000579532e-03 -6.290282848483785827e-02 -1.098135884768051823e-01 -2.441163203465755022e-02 2.403719554035526479e-02
7.061046862103020905e-02 1.495220928951482009e-01 -1.137326176167163805e-01 -5.588931052131503735e-02 2.133405988718741764e-01
-5.371647340710571095e-02 -7.527758015897015320e-02 -1.114664560767638923e-01 1.962059049813734760e-02 2.053444302148019901e-02
-3.045885088341806698e-02 -2.778063073763091181e-02 -1.125801864624796367e-01 4.762370206089353193e-03 5.946269251959346303e-02
1.483423760807831698e-02 6.399980076272049345e-02 -1.098150480636230497e-01 -2.795829651363806317e-02 1.330532763684279252e-01
-1.119799316846094295e-01 -2.024769732660607058e-01 -1.033995452509224311e-01 6.904797603355398994e-02 -8.717420692141808480e-02
-1.103971705601937414e-01 -2.020312646318562777e-01 -1.069760399212530411e-01 6.708332832709627824e-02 -8.160177923731741501e-02
4.400683847949067584e-02 1.011036683374187672e-01 -1.110701930978657825e-01 -3.964446045056705531e-02 1.718980254652126560e-01
6.939925345832570480e-04 3.217028266584123081e-02 -1.116983556918693110e-01 -1.586497418672674214e-02 1.070716459717336172e-01
-4.900598470866335266e-02 -1.737849968665678146e-01 -1.125119812335466651e-01 2.066572161184705367e-03 -7.745988172268895855e-02
-6.660166341481491004e-02 -1.203177310938455258e-01 -1.025968258385504539e-01 3.977234436637436948e-02 -1.740769578507657747e-02
4.376449499694944067e-02 9.588284628638368834e-02 -1.157820260052923600e-01 -3.875724442408260556e-02 1.740872974535124795e-01
-1.014668171446613670e-01 -1.896707016091178921e-01 -1.121744677296836329e-01 6.053050421213963805e-02 -6.722996848769269285e-02
-9.385603432397905677e-02 -1.768274955849606367e-01 -1.115745269685284591e-01 5.799854127531760273e-02 -6.617655751798036390e-02
-9.053590065703652490e-02 -1.657160494321625599e-01 -1.018538953215561704e-01 5.277144178587316048e-02 -5.491503998079727555e-02
-8.127241101927099032e-02 -1.707031799902783975e-01 -7.475842070814281426e-02 4.964852097824810906e-02 -7.418979174185121039e-02
1.940663197432352521e-02 6.795808896036065194e-02 -1.129184855198239051e-01 -2.531657291282259775e-02 1.356516059724779122e-01
2.156431755207502410e-02 6.810963351395102339e-02 -1.114354197691610482e-01 -2.707416730667230875e-02 1.414761218836529943e-01
6.832166666823387413e-02 9.097206605714891481e-02 -7.691420991482454672e-02 -3.850163407172736696e-02 1.279083101389236199e-01
3.248874568691875742e-02 7.626636447920720485e-02 -1.081822568578067884e-01 -2.814975627291389781e-02 1.440232531529354598e-01
-2.006813487960962955e-02 -4.593232366086996699e-02 -1.132803622949427325e-01 -1.116136743955458040e-02 4.137585969665746183e-02
2.508393955579972523e-02 6.312935669219715829e-02 -1.081392463686891153e-01 -2.382436881515311022e-02 1.343899809752961694e-01
3.024406356045732103e-02 7.349590430926103424e-02 -1.084852871608370795e-01 -2.737248900880728808e-02 1.429787747215074400e-01
4.494370006898869285e-02 1.025571629680059604e-01 -1.099416265557699307e-01 -3.813102867409667862e-02 1.660239752142601832e-01
5.196924502219951725e-02 1.159329789930709231e-01 -9.412734565507482887e-02 -5.226229466555435549e-02 1.687124336657571944e-01
4.778897495529889350e-02 3.825262046381245479e-02 -1.029920195849346604e-01 -5.791231714484632725e-02 1.077340743639721571e-01
7.201307453441427309e-03 2.777552954125863532e-02 -4.818530487473162566e-02 -3.699818952226983579e-03 6.732990953935366618e-02
-1.011855203812801751e-01 -1.967678800406808537e-01 -1.031080294531950270e-01 5.577401291648816789e-02 -8.955762501136191323e-02
9.001338969314932881e-02 1.695466739184213201e-01 1.615359795214044158e-02 -4.036878268154688726e-02 1.258029446651909578e-01
7.093038662245261528e-02 1.522421697649226635e-01 -1.131533983074461402e-01 -5.680785295581220612e-02 2.142185702515154166e-01
5.803246502542483420e-02 1.017451015627530986e-01 -1.139437915631638515e-01 -4.009961504032952956e-02 1.819767524073259424e-01
5.943222022927219239e-02 1.276059825402512393e-01 -1.133038558263095852e-01 -4.854561872507420772e-02 1.966475037988959507e-01
-2.548102468963170386e-04 3.197074376923835642e-02 -7.662810452013998908e-02 -1.176181001549353282e-02 8.666595627208682762e-02
4.676380956096622132e-02 9.443363473769508798e-02 -1.000403413461919688e-01 -3.468941486427852550e-02 1.593869806773969278e-01
1.361870454446959533e-01 1.138841892965629099e-01 -4.351212089875648031e-02 -8.693737136249024208e-03 -4.328295684854267800e-02
3.080998666141063214e-02 9.034798815815028861e-02 -1.123963527712028010e-01 -3.465190748974726620e-02 1.584014884322507144e-01
5.848628163241613442e-02 1.277319419325392280e-01 -1.132347230490360762e-01 -5.207327727682826285e-02 1.863645198724579455e-01
4.669494530961472434e-02 1.058169980107990793e-01 -1.099212343816470816e-01 -3.970861621218927523e-02 1.726549750143320239e-01
-5.400809039848822324e-02 -5.089196328364235106e-02 1.727767330708503690e-01 5.330093632610242993e-02 -1.401031460308164722e-01
-6.126268520210623181e-02 -9.484706847306406674e-02 -1.005626175788721099e-01 2.922413571775202973e-02 -4.300705037735035735e-03
-3.684072909312924998e-02 -4.849556588947306901e-02 -1.103711111390518057e-01 1.266962057820343775e-02 4.494802979258812059e-02
-3.238249729936477223e-02 -2.793487182326152493e-02 -6.505905836270624298e-02 1.010274089074304597e-02 2.861543823048345869e-02
3.376324795680371582e-02 8.815243801893279940e-02 -1.116928141313043438e-01 -3.486610932426401771e-02 1.590438320511630421e-01
3.536974644281003222e-02 9.092967845179628084e-02 -1.121468008422678020e-01 -3.604615018719058844e-02 1.621634310674005541e-01
8.187282975670097385e-03 1.420911228394498155e-02 -1.100984862306496753e-01 -1.995633354942063370e-02 9.778965668184395887e-02
-1.092392117494175030e-01 -1.991965158998148522e-01 -1.055611744754149095e-01 6.555220078060240707e-02 -8.104473735699081749e-02
1.729344073259225095e-02 6.750613604477345708e-02 -1.142074356750687886e-01 -2.702730780247807746e-02 1.413112750172421106e-01
1.717209575711095559e-01 2.804206560041164892e-02 -1.060153629064631703e-01 -2.713787308026881506e-01 -1.927935891474163999e-01
-7.864885952555841775e-02 -1.296285784791485762e-01 -5.465493397509878226e-02 4.933248121813279402e-02 -5.940221872830928063e-02
-9.546322312105100238e-02 -1.770759379978410486e-01 -1.020812631656244085e-01 5.419603382586075935e-02 -6.959085097906443640e-02
-1.135136095680594204e-01 -2.094346786502293001e-01 -1.131317927141176904e-01 6.814423985207489209e-02 -8.369861459197966425e-02
1.026857068279101587e-02 3.941481814521172883e-02 -1.004194598407285449e-01 -1.570689633255312884e-02 1.126947793534775061e-01
-5.040160190769117643e-03 1.765146167510531910e-02 -1.109347117525190940e-01 -9.294374218024452003e-03 9.932331740299937817e-02
-4.888748969632351893e-03 1.465449952705124431e-02 -9.955912734888543170e-02 -6.689510002414947656e-03 8.908831018480076192e-02
-2.480229382568511359e-02 -6.382341633931820635e-02 -1.113569726545642624e-01 1.425234394583258998e-02 4.616137370859813016e-02
-5.633287038827393400e-03 5.283158633260461035e-03 -1.120553511211091202e-01 -1.871903493940198226e-02 8.636555986613235480e-02
-9.553323621881711081e-02 -1.714063468001391088e-01 -1.032133187752805464e-01 5.582421751496572521e-02 -5.870007859591480637e-02
-3.046711974041586835e-02 -5.243323359032074638e-02 -1.095327033397208716e-01 3.730824371726702143e-03 3.723171340158750592e-02
4.403124067801766905e-02 1.070088407567350020e-01 -1.118870759222613392e-01 -4.084075215096618500e-02 1.755565541875946656e-01
-1.330260436299199669e-02 1.353358818918518752e-02 -7.526123332446754688e-02 -4.951348524478810589e-03 6.893414630932617748e-02
1.143665257509918209e-03 3.072565739304562032e-02 -1.057917745969567946e-01 -1.242689958100069887e-02 1.024252662018182713e-01
2.791389140364322619e-02 6.139319416568569249e-02 -1.105312087187370618e-01 -2.504297717142323770e-02 1.390112333790692045e-01
2.541557078453684365e-02 5.023952506673674129e-02 -8.625876037292246057e-02 -1.852499412236385812e-02 1.178575072196996476e-01
-1.899882263587871281e-02 6.313917927471926483e-02 4.719239885994223060e-01 5.548686455443579968e-02 -2.555841861685669847e-01
-1.045873653894414113e-01 -1.903987965106907487e-01 -1.093700583329137999e-01 6.215036770691274859e-02 -7.013811315208527686e-02
-1.051456705081260934e-01 -1.945130696231118506e-01 -1.075002240951105775e-01 6.310380428353574989e-02 -7.827317107377208816e-02
-1.200769989500854451e-01 -2.240528889984841343e-01 -1.119773982035854043e-01 7.301379235059875239e-02 -9.538958250684055618e-02
-9.029023241128381061e-02 -1.605519302805277770e-01 -1.105657723125785530e-01 5.071162368049769720e-02 -4.737857823843737159e-02
5.661680278972071323e-02 1.241782410183011054e-01 -1.145075812299159168e-01 -4.707223930000412754e-02 1.869694388630763482e-01
-2.117219263785835581e-02 -4.345549169328786349e-02 -1.103626142815466726e-01 -2.143247904101813414e-03 4.236778161367347334e-02
-1.077490213830170074e-01 -2.135532159600471991e-01 -9.744591002279280600e-02 6.372587010498817484e-02 -9.916134028138338941e-02
-8.611907597080244170e-02 -1.491629408637306364e-01 -8.882291086971205729e-02 5.112793028551999158e-02 -4.997326450205570592e-02
-5.039025758768956448e-02 -1.162107112502442918e-01 -1.041151746886664758e-01 9.473467115472263000e-03 -3.709049357948426828e-02
-6.312888157013434032e-02 -1.194483841520375400e-01 -1.133381507052442921e-01 2.555211751471161974e-02 -1.403671735370958309e-02
1.100483523017883880e-02 4.394969325172810165e-02 -1.086042357073784270e-01 -1.862367828650233342e-02 1.192860802979736901e-01
-9.582621737577448617e-02 -1.983137488813698501e-01 -1.028218109151896459e-01 5.099721920229566968e-02 -9.683662238141084455e-02
-1.020420715370318476e-01 -2.080863692485767913e-01 -1.027136497185117681e-01 5.228825150711893105e-02 -1.095479919959849863e-01
7.360762170159383666e-02 1.323469439565037042e-01 -1.382631546051063531e-02 -2.213793876884512929e-02 7.070067464772059052e-02
5.070443718154453439e-02 1.166473235673952946e-01 -1.118255374607228791e-01 -4.418152878477450696e-02 1.835198342413993655e-01
-1.643922023748835975e-02 6.619423331841893521e-03 -9.996889926694547956e-02 -2.654041999721752643e-03 7.450548028926512467e-02
4.618259151192236067e-02 1.136149999401065425e-01 -1.121663888320302838e-01 -4.345905259311824004e-02 1.787618954862837950e-01
-1.177163811702903740e-01 -2.183837454606671613e-01 -8.763119695108101403e-02 7.442008367674607383e-02 -1.051235716520912689e-01
-9.248345025511726936e-02 -1.795927466973850084e-01 -9.923296930555740303e-02 3.842373208097907972e-02 -4.663758915976004560e-02
6.170559225595942388e-02 1.166444665098146927e-01 -6.035450170588568808e-02 -3.425401113088414468e-02 1.469367120167767715e-01
1.023461232615825584e-01 1.639470214080283872e-01 2.237407697320031585e-01 -1.249888325150963313e-02 1.101976442713847870e-02
-1.018061667405824322e-01 -1.851403981488737305e-01 -1.104499706041426332e-01 6.038495288902902269e-02 -6.586414270179251351e-02
5.266716338697104149e-02 1.189520901267582254e-01 -1.110077494044442586e-01 -4.430284529018135853e-02 1.834282898604467915e-01
-9.149346900142052430e-02 -1.834530384959699445e-01 -1.095161376385732632e-01 4.945872729566701265e-02 -6.751355422133063777e-02
-2.522557687525104481e-02 -2.887616710651558227e-02 -1.100322844805087380e-01 7.196168559181831230e-03 6.143423651854039436e-02
-4.006571560135330917e-02 -6.304945148176262226e-02 -1.071848090298685441e-01 1.581077869739186750e-02 3.221239432894332233e-02
-1.052929299782881106e-01 -1.906094332196249796e-01 -1.062680656411157804e-01 6.264501567657305980e-02 -7.405478446931917924e-02
-2.383286237320272893e-04 1.544682132445415051e-02 -1.103593814179182064e-01 -8.580478059319487580e-03 9.992005086594968333e-02
-1.068178073722281379e-01 -1.952934244628465044e-01 -9.927404686627491759e-02 6.502190416356137814e-02 -7.996569477131519610e-02
-9.221928786422114999e-02 -1.595670211601049049e-01 -1.136681260257181719e-01 5.080188755257208921e-02 -4.393427826385329360e-02
-1.011560360603177555e-01 -1.852390921361965759e-01 -4.752763652046546050e-02 6.065038636543984563e-02 -1.186974286482266883e-01
5.627572607642843117e-03 4.872446080649957961e-02 -1.067189738017735312e-01 -2.290316616163272367e-02 1.203770456136864925e-01
-9.892733256618266302e-02 -2.007071727637619318e-01 -1.022456640967871339e-01 5.585823820227141939e-02 -8.390454558025281506e-02
-1.181393224739268055e-01 -2.159684150371346256e-01 -1.118302679309294417e-01 7.182871049960902476e-02 -9.142803141155542157e-02
3.519700381847515325e-02 8.836097358691147319e-02 -1.128722420933374881e-01 -3.451332123026369658e-02 1.606526070373301973e-01
-7.352966621581127904e-02 -1.256653073588008263e-01 -1.113934966776549268e-01 4.120248404723075158e-02 -1.872535518885315789e-02
-9.016810086422512305e-02 -1.651285330188435319e-01 -1.087214811249359592e-01 5.381735008923534819e-02 -4.993396898983461230e-02
-1.004177311851864041e-01 -1.809890415238880057e-01 -7.776255879271243288e-02 6.332389930901374808e-02 -8.264301814881973296e-02
5.265647742000666154e-02 6.775110363427747084e-02 -7.628414324959693904e-02 -1.162913522411097716e-01 2.051247969351490952e-01
-7.957318511864465427e-02 -1.413440308285411617e-01 -1.102038587990633589e-01 4.445968702530746913e-02 -3.178535830906444037e-02
-5.131847930524435081e-02 -1.195081549778535257e-01 -1.038740061789572566e-01 2.703178707281365251e-02 -1.315745267140400188e-02
-4.715764379249249433e-02 -7.378057310316632478e-02 -1.073537341160261394e-01 2.287326147839245649e-02 2.310770136752738485e-02
-1.166449092809286325e-01 -2.152639055478244579e-01 -1.116908598283476717e-01 7.107457037392496402e-02 -8.860817922128416679e-02
-8.283492865877345457e-02 -1.509821648012615314e-01 -8.850143734143602059e-02 5.317146621242803406e-02 -5.256379517306833393e-02
3.692228003527697755e-02 9.655274701907015644e-02 -1.138404987996534112e-01 -3.752648802825549190e-02 1.668303835778695010e-01
-9.649513985667566851e-02 -1.750906180141712509e-01 -1.137742055989189455e-01 5.257391588377923614e-02 -5.314487906153973762e-02
-9.867648246971440218e-02 -1.861956980954098395e-01 -1.009627523345394129e-01 6.179951053366457281e-02 -7.026598771826340906e-02
-1.132316742186046526e-01 -2.083057795619239205e-01 -1.022449785563043084e-01 6.915587695208613717e-02 -8.982402435194739021e-02
-1.032171993735577220e-01 -1.878847752676523208e-01 -1.058215448939416603e-01 6.151937925916910188e-02 -7.178958445068447936e-02
-1.114510793483424883e-01 -2.048424809804374469e-01 -1.121119982054974984e-01 6.660658442609315721e-02 -8.043179955691760752e-02
-8.790156722049027871e-02 -1.963049319897955669e-01 -1.102735908523044261e-01 4.341159207450068919e-02 -7.809881937450410816e-02
-1.110985917524455746e-01 -2.040549549845860622e-01 -1.111790219504042998e-01 6.650425212039184908e-02 -8.030847917450634199e-02
-7.299752135605380721e-02 -1.680650876690326923e-01 -1.104792022426046710e-01 3.424259678652993855e-02 -5.556047173542583151e-02
-6.217255348683357885e-02 -1.053575911190351710e-01 -1.079087140174031789e-01 3.305342003043690996e-02 -4.060787074280695907e-03
-9.599532290290206660e-02 -2.002325832250292370e-01 -1.040288225084409213e-01 5.259341334214291674e-02 -8.962335339427725256e-02
-4.408647409322021676e-02 -6.711604335537035837e-02 -1.000883237752154542e-01 2.100691429130873561e-02 2.645517220469255359e-02
-7.707007297981582905e-02 -1.319004326608028965e-01 -1.128889429660647065e-01 4.035304575258133464e-02 -2.231442910744765515e-02
-1.500196425737606448e-02 -1.527198890881761167e-02 -9.847773719400067238e-02 3.145806040055560554e-03 6.809633133016584905e-02
-7.876836724021926694e-02 -1.402380561402582770e-01 -1.032578507893789493e-01 4.469468574644874792e-02 -3.358704432964534914e-02
-1.139702020364274232e-01 -2.167452407941013182e-01 -1.078235725435621739e-01 6.762733344024701720e-02 -9.740424666042610258e-02
2.685852859318702684e-02 7.710425356674618924e-02 -1.123008669670614301e-01 -3.103793054855901595e-02 1.507502796876983853e-01
-9.122564399957777681e-02 -1.848904407281334594e-01 -1.106216010874830763e-01 4.920737818555304122e-02 -6.501401979655796470e-02
-1.150764719002315001e-01 -2.113321219411750940e-01 -1.100968669056665572e-01 6.893799639767400622e-02 -8.824403054343767094e-02
-6.152279551101236948e-02 -1.462817571033040165e-01 -1.135973958911740550e-01 2.181246112875111220e-02 -6.041172466956133691e-02
-8.290745912147504115e-02 -2.197426520530431082e-01 -1.087773774688283179e-01 3.266152591284614271e-02 -1.086739601666781713e-01
-6.850144677046324238e-02 -1.316084653638235624e-01 -9.545655391245785881e-02 4.484218342936843738e-02 -4.383375743506794098e-02
-1.118891490014372048e-01 -2.056334905746386443e-01 -1.080946158128222451e-01 6.699050967571489046e-02 -8.374265546495077150e-02
-4.198623755633500848e-02 -6.004569602001854495e-02 -9.710518618506153166e-02 1.977337423509154327e-02 2.783725331825603194e-02
-7.787142663014426369e-02 -1.559023053031408923e-01 -1.094579861642683977e-01 3.936260737220498296e-02 -4.329000889567316546e-02
4.606691132818268586e-01 -2.011018794494240369e-01 -1.116329416425691778e-01 -5.281537535464359001e-01 -1.802579337364298429e-01
3.716635885694785646e-02 5.640973635655011781e-02 -6.864493382095579466e-02 -1.931417655536224465e-02 1.187925548351492500e-01
-1.169612377941001702e-01 -2.161359083948253546e-01 -1.022090903371451198e-01 7.138624044496079402e-02 -9.580187372101270360e-02
3.342377933646947796e-02 8.673802944082989463e-02 -1.126767781630120258e-01 -3.380646960109268823e-02 1.604670044042473542e-01
-7.550014221650545865e-02 -1.175010444766728390e-01 -4.467460322626894825e-02 4.419137794701226418e-02 -5.296058178022133855e-02
-8.355975391063993896e-02 -1.890279799657251514e-01 -1.102735908523044261e-01 4.118406198154875297e-02 -7.146993834181163130e-02
-1.100126956700110820e-01 -2.059066854658282986e-01 -9.547852562586039982e-02 6.761775914723333614e-02 -8.768236143942396976e-02
-1.965507238026663675e-02 -1.972744014376212607e-02 -1.121363692237031251e-01 3.486158549720267188e-03 7.136680977893718192e-02
-8.669865925619180125e-02 -1.616743748353860755e-01 -9.670463810363405521e-02 5.541995659156970233e-02 -5.531907582522785360e-02
-9.788320469326132478e-02 -1.801825399372411207e-01 -9.222533128928576962e-02 6.029896347973833642e-02 -7.153802077030423090e-02
-1.201657959589657598e-01 -2.287720218660795612e-01 -1.105478528658220272e-01 7.128555265598705837e-02 -1.065087438559964017e-01
-1.127219010568721314e-01 -2.251453259486780600e-01 -1.119567509575574299e-01 6.100110126990009041e-02 -1.128781836895472179e-01
-1.103179361264297748e-01 -2.268797550539397578e-01 -1.114900430149302901e-01 6.053025117113135928e-02 -1.055028870862705914e-01
-8.878289032207231646e-02 -1.608924269003666752e-01 -1.088935562118197586e-01 5.345260800328089507e-02 -4.738209981688783212e-02
-2.926528495292387774e-02 -4.015721998400580139e-02 -1.085971349385256579e-01 1.156643258579692288e-02 5.111959935402690669e-02
2.082808081793534327e-02 8.256337112978823223e-02 -1.022130617652171752e-01 -3.480305263914584141e-02 1.373156250481983309e-01
-6.674594357894492180e-02 -1.125277936909585691e-01 -1.109141473089905738e-01 3.577960159331690371e-02 -5.397318684865804600e-03
2.000542758054051073e-02 1.506089574332885456e-02 2.970740973015406627e-01 4.400546581693271647e-02 -1.348356291444356703e-01
-1.203888371408304153e-01 -2.292371381451493162e-01 -1.105478528658220272e-01 7.144724114377604129e-02 -1.068873139537283856e-01
-1.281381718933266578e-01 -2.401167240518888857e-01 -1.113075065761776061e-01 7.934561292559991208e-02 -1.091164002126147753e-01
-6.973283430812207695e-02 -1.292771388930211984e-01 -1.120487351193319298e-01 3.715150819686668243e-02 -2.270167452138118283e-02
-1.244783208590188039e-01 -2.338212811435427252e-01 -1.113075065761776061e-01 7.456585640584000030e-02 -1.016355106703526606e-01
-1.253855275817983839e-01 -2.355855777486155767e-01 -1.014036604223314542e-01 7.920382669355624516e-02 -1.109919468191034320e-01
-5.348157402612590400e-02 -8.872556962042259243e-02 -1.001803407966627979e-01 2.860583329187581930e-02 8.761852705103930633e-03
-4.544187197097045161e-02 -4.372808926047716538e-02 1.042958694758053251e-01 4.167561905535623751e-02 -8.965773436692024700e-02
-1.054165812386601703e-01 -1.944434972981891052e-01 -1.069517015763400691e-01 6.309334153959220148e-02 -7.773165414340463264e-02
-1.036142490010451556e-01 -1.895504091884434583e-01 -1.052171383778011254e-01 6.182722666588395116e-02 -7.203507483237346631e-02
-9.229796097446235636e-02 -1.950504512508634825e-01 -1.073015504470988118e-01 4.730063214642397929e-02 -8.144090038201623472e-02
-1.046418714401677469e-01 -1.922781548799578633e-01 -1.075064444026151561e-01 6.228118183540264086e-02 -7.456943596628060056e-02
-1.635068713704762242e-02 -2.000157513871305553e-02 -1.049066859911879229e-01 4.255933026844054695e-03 6.850957768192478259e-02
-1.904487536542294468e-02 1.979827034799555574e-03 -8.435873533897197962e-02 -2.164216411709728866e-03 6.504954169201065950e-02
-1.191047002670765215e-01 -2.198025750614920060e-01 -1.023424236704784523e-01 7.283303910266201997e-02 -9.865667342967984754e-02
-1.033134790736695008e-01 -1.871353500214876509e-01 -8.848643383330472012e-02 5.848815085696216359e-02 -7.526183182268092464e-02
-1.248539909307784523e-01 -2.328461398994157994e-01 -1.063627453502331982e-01 7.761198231523676327e-02 -1.061385809068284697e-01
-1.113278437903157253e-01 -2.018048123476703370e-01 -7.483963083560631058e-02 7.111358524274627446e-02 -1.009297388227451547e-01
-1.158375676258655840e-01 -2.265888571300916365e-01 -1.116683591582985635e-01 6.580393573601286961e-02 -1.085016802458230734e-01
-8.072611412821067978e-02 -1.393150267433586609e-01 -1.007486277643868944e-01 4.949911445624208955e-02 -4.213867315596811491e-02
8.300714232926650893e-03 8.635301549238284802e-03 -9.275893614719485369e-02 -5.702947762551166186e-03 8.728535253465803667e-02
5.915172568343492199e-02 9.049192709532979939e-02 2.050949978427738796e-01 7.322633113604793374e-03 -2.564641534647177021e-02
1.299352023495305847e-02 4.169968044452405237e-02 -1.106316522235534366e-01 -1.796775607028570920e-02 1.223371534207037120e-01
6.284649345567147605e-02 1.345379869394373318e-01 -1.111040591200378458e-01 -4.977311964254909488e-02 1.959924589905399361e-01
-9.066975482559852528e-02 -1.939034489578950748e-01 -1.089804531864527332e-01 4.647115127358886905e-02 -9.654895838523699925e-02
-1.063432264243839714e-01 -1.954275624860607463e-01 -1.114152728981910173e-01 6.273910915335260963e-02 -7.384459782584520959e-02
-8.440992418912451889e-02 -1.886315125985290608e-01 -1.108726355399720781e-01 4.090039856999566625e-02 -7.143375161757184455e-02
-2.047453468813399680e-02 -3.810771793255217366e-02 -1.109028717965173938e-01 6.983855928890306437e-03 6.184732773139461903e-02
-8.581416469302161065e-02 -1.767364432321998358e-01 -1.108948196508917350e-01 4.256894077063329979e-02 -6.542626927097194844e-02
-7.637649105676320993e-02 -1.383620894070310692e-01 -5.160706808827021652e-02 5.114111041773124894e-02 -6.019553568477235828e-02
-1.017557724217418302e-01 -1.865190083738658411e-01 -1.096167733395112254e-01 6.030319460555523536e-02 -6.708558779384944659e-02
-1.241710657694182068e-01 -2.372199607361192009e-01 -1.114310177234814903e-01 7.413548904286036689e-02 -1.116914664964759329e-01
-1.114084274541053826e-01 -2.050165254775750123e-01 -1.136194416041761968e-01 6.585297468232206852e-02 -7.999353464363331834e-02
3.160634813807725041e-02 -1.593748533477581386e-01 -9.249889845529940535e-02 -7.974599011854024977e-02 -1.312995436643654701e-01
-1.244783208590188039e-01 -2.338212811435427252e-01 -1.113075065761776061e-01 7.456585640584000030e-02 -1.016355106703526606e-01
-1.141338394916720511e-01 -2.284203624247607700e-01 -1.122430368788469163e-01 6.214893507513881421e-02 -1.154206341127765045e-01
-5.313055724334576901e-02 -8.546056593138069701e-02 -1.081240434384761195e-01 2.563758892906679854e-02 1.257770687413623488e-02
-9.487112218003676545e-02 -2.094803809835059649e-01 -1.120887520115507741e-01 4.210196755468701563e-02 -1.195744241659238982e-01
-1.168344621667078004e-01 -2.147476854774266752e-01 -9.054079837950945731e-02 7.319311990027260739e-02 -1.022998330033359493e-01
-1.220540585519338528e-01 -2.291281969671586649e-01 -1.062115899068227093e-01 7.595163870088031399e-02 -1.030842762683793629e-01
-7.383103879362765132e-02 -1.490015008676860708e-01 -5.902740182265431984e-02 4.075368208955947036e-02 -6.368264583871327544e-02
-6.545617177766849260e-02 -1.818792235546855540e-01 -1.137902699728696038e-01 2.494502389740729451e-02 -7.744472201805212286e-02
-8.622101487455557933e-02 -1.518027204038877032e-01 -9.296951771577753598e-02 5.105201496637947617e-02 -4.897074268524587159e-02
1.384441120869869118e-02 4.708171890939483878e-02 -1.082484663373396577e-01 -1.953987125239615291e-02 1.239533320506803621e-01
1.384441120869869118e-02 4.708171890939483878e-02 -1.082484663373396577e-01 -1.953987125239615291e-02 1.239533320506803621e-01
-7.856311531336734877e-02 -1.345330975105548943e-01 -9.188262621355661186e-02 4.615659834233711706e-02 -3.626300504286855686e-02
-1.050842650664623040e-01 -2.026496779805599391e-01 -1.052210687969750008e-01 6.080483313518957045e-02 -8.414594504671661646e-02
-9.406756131687465244e-03 -2.455463242703639914e-03 -1.101811218222919220e-01 -2.569218859065636185e-03 8.569662384271536926e-02
-1.207815995011678051e-01 -2.245769682766102504e-01 -1.083207543227886899e-01 7.412514875563390448e-02 -1.000723352785971715e-01
-9.841481004535299060e-02 -1.802303641376260812e-01 -1.086321709592511925e-01 5.799229990860799849e-02 -6.187568576365372330e-02
-5.256289211523969274e-02 -1.041624063905196296e-01 -1.130055039033237424e-01 3.082088062126826788e-02 -1.046723062629205045e-02
-1.020718109753095959e-01 -1.850545872650840029e-01 -1.015004560711736253e-01 6.129051238889949432e-02 -7.256589590616770169e-02
-5.891847412469890244e-02 -1.008073323708372632e-01 -1.107254924042493927e-01 3.153571717569080002e-02 4.280786059927065013e-03
-5.796136639131951873e-02 -1.034957783522181124e-01 -1.012818293700628730e-01 3.387479796304179724e-02 -2.112156995414393723e-03
-5.237130000708473815e-02 -8.709479872513523069e-02 -1.067368906202199874e-01 2.735877415337416990e-02 1.338045762578232364e-02
-5.513953698569037942e-03 -5.420601498558941245e-03 -9.457952642001203614e-02 6.004070323130852177e-04 7.437983448584607749e-02
-9.129595530214892896e-02 -1.849182361034970024e-01 -1.112185063883602276e-01 5.003056655600911229e-02 -6.456031763943595458e-02
-9.253707736418440022e-02 -1.716380060272307273e-01 -1.092643945186144300e-01 5.607624788762231166e-02 -5.237253339902514515e-02
-6.543614671503938940e-02 -1.036068775082627791e-01 -2.598549199152012934e-02 4.385119859701699929e-02 -5.173861065920583313e-02
-6.449964543771215253e-02 -1.026953667535795423e-01 -8.666127745178427155e-02 3.732759410175719161e-02 -2.244625182270448480e-02
-6.837739020958871761e-02 -1.133343996497798711e-01 -7.978103755873065805e-02 3.446463107614877036e-02 -2.054961231875999592e-02
-8.563469626541064805e-02 -1.657857567754859596e-01 -9.023307169235522673e-02 5.681844548697136815e-02 -5.769557006556468026e-02
-7.280264288063564848e-02 -1.374331781306636913e-01 -1.063341750927569301e-01 4.482145331255386889e-02 -2.609077576770118742e-02
-1.022314288926100406e-01 -1.811564728394885748e-01 -8.302977597581434610e-02 6.240276565351729476e-02 -8.193698216614443697e-02
5.826861939140394464e-02 1.285356198121594129e-01 -5.730976228786840293e-02 -4.131994748263289469e-02 1.616044702392881172e-01
-1.002348137402946787e-01 -1.796713116787945208e-01 -1.062206905360634640e-01 5.877829886669851817e-02 -6.489768411353200039e-02
6.260851306971351726e-02 2.938761824137079565e-02 -1.050027014321476548e-01 -7.717573277926935427e-02 7.117437523568326263e-02
-5.614183773496773944e-02 -6.095650838695549495e-02 7.408380701964048520e-02 4.359932171970311993e-02 -8.818095642843751247e-02
-9.273797859486503092e-02 -1.570508040816082918e-01 -3.670272725078576465e-02 6.096786806634896944e-02 -9.199566919196078274e-02
1.674378237243639989e-01 1.244928520616048889e-02 -7.079773120822199783e-02 -5.095760904238778866e-04 -1.962525428423693707e-01
-7.645148760379603947e-02 -1.693880412021615267e-01 -7.957578857280941942e-02 4.536837649841745507e-02 -8.489075705123499960e-02
-8.549730573060201899e-02 -1.759858071674270108e-01 -1.097330475524322807e-01 5.226218584567800252e-02 -8.068312629378683598e-02
-8.467320995409266526e-02 -1.483467044880318886e-01 -1.001009748196928090e-01 4.940277942347088419e-02 -4.234449957258085151e-02
1.774256366162246801e-01 6.474857048775434221e-02 -6.982597735169283892e-02 -2.652126176797303669e-01 -1.923700582373259749e-01
-5.614183773496773944e-02 -6.095650838695549495e-02 7.408380701964048520e-02 4.359932171970311993e-02 -8.818095642843751247e-02
3.881742077352495768e-02 9.559122997497201957e-02 -1.110779045736240422e-01 -3.642430276749668988e-02 1.636874918194078654e-01
4.628911090490943347e-02 1.115525890097275874e-01 -1.124138443042454333e-01 -4.212641723045516123e-02 1.775018712793021147e-01
4.232518396593838717e-02 1.057186826469768692e-01 -1.135422486616209370e-01 -4.084961200454857028e-02 1.758470976934169705e-01
-2.835440918876479255e-02 4.700368417434227369e-02 4.115575213560433987e-01 5.072073486883743598e-02 -2.253442602242931025e-01
-7.432065066570495149e-02 -1.412508859627131796e-01 -8.951450662806546832e-02 4.526656663395554892e-02 -5.557931587561557030e-02
4.163335629922979009e-02 -9.176439845014511265e-02 -5.962422081953464015e-02 2.362400661863938572e-02 -1.503498314304467787e-01
-8.695884162853119437e-02 -1.667175124389166652e-01 -1.131143667687746213e-01 5.154695239386424682e-02 -4.253129023095622574e-02
-1.177133756453619673e-01 -2.189629536904917628e-01 -1.087559024604605878e-01 7.157464486879805410e-02 -9.497065379476245239e-02
2.732631470237884691e-02 7.738896844506465422e-02 -8.578360244591495820e-02 -2.740069378870552130e-02 1.344295043734500261e-01
5.027914023949502098e-02 1.147263072260342465e-01 -1.121270432409112311e-01 -4.321883016659065768e-02 1.808598878734036797e-01
4.697074641127192696e-02 1.141934489556193921e-01 -1.106908266131342022e-01 -4.267529808170730105e-02 1.784459875771130799e-01
4.312115260596141586e-02 6.518931804463151680e-02 -9.172097049762022170e-02 -6.422555615508572513e-02 1.039040048601551774e-01
-9.738551125572149358e-02 -1.771884933322291356e-01 -1.115853853967976733e-01 5.684375352384338220e-02 -5.826724915789499581e-02
-1.068368263419239850e-01 -1.940344640494522377e-01 -8.324826617735769929e-02 6.749090880285786576e-02 -9.097621789479552745e-02
2.186913461985472151e-02 1.470485360035179295e-02 -7.101248478242447315e-02 -3.862967735726483345e-03 8.685013275270436761e-02
2.768479395950411426e-02 7.794773784755926194e-02 -1.099528859487360066e-01 -3.036343063579866747e-02 1.497991852365604670e-01
2.640158490370036332e-02 7.681787456744881837e-02 -1.108905978627204442e-01 -3.019426421281971168e-02 1.491353970421123165e-01
-4.735699750723595947e-02 -8.236807338913729182e-02 -1.102709421276777263e-01 2.497575252102675336e-02 9.637391793328540374e-03
1.646619474639875180e-02 6.011969581204914398e-02 -1.108373699674913559e-01 -2.425144139549444133e-02 1.334478465909907929e-01
5.813687685980678532e-02 1.012661300453399638e-01 -1.035462796429793414e-01 -3.837091956668268328e-02 1.719068520707923431e-01
-1.661839703435244800e-02 7.573754785871043838e-03 -8.108038207983847556e-02 -1.657641610876019536e-03 6.899803490849468202e-02
-1.141281367378663009e-01 -2.110657904105780192e-01 -1.070964217634510079e-01 6.992929084265366024e-02 -9.053281777900003269e-02
4.463465479445360984e-02 1.025562342046235920e-01 -1.098758914759225408e-01 -3.858388331936055821e-02 1.700103455071933500e-01
3.699051937769594345e-02 9.805883769698295338e-02 -1.117170891167573177e-01 -3.763202458330702771e-02 1.673287345651623403e-01
3.786456174690515375e-02 1.022850132387486677e-01 -1.134684306415980476e-01 -3.961733369658191478e-02 1.722436295430157249e-01
-6.056409203009598119e-02 -1.105579814601616445e-01 -1.067405904292569735e-01 3.537710659680293884e-02 -3.621988689300491282e-03
3.679561875916047275e-02 1.029135466999500925e-01 -8.868336372097310183e-02 -3.711308632873374508e-02 1.557600221427125065e-01
3.893587007979565362e-03 3.586359298230949039e-02 -1.017232246064599804e-01 -1.633058436464683572e-02 1.079137080665648202e-01
-9.565098234570323932e-02 -1.736486491223407369e-01 -1.009738921821478758e-01 5.537568477839802800e-02 -6.330857364489296535e-02
2.413742762752489612e-02 5.377742031665563166e-02 -1.065626458277628558e-01 -2.571197559607767830e-02 1.235013216406598974e-01
1.680779052267334928e-01 3.279036621201868867e-02 -1.110036051479205560e-01 -2.543531597884553519e-01 -1.488038275539347866e-01
-9.172151150719770607e-02 -1.597460695398157382e-01 -8.861162940484448858e-02 5.462513767171166268e-02 -5.785215190811902886e-02
-6.540162327709792001e-02 -1.076192524836818987e-01 -1.121954301676523214e-01 3.395291207595237115e-02 -1.402015998447789236e-03
-7.248198361137155044e-02 -1.419773633818054992e-01 -1.086230116300656023e-01 3.580017661218937164e-02 -3.494508412191732472e-02
-1.244642585024516301e-01 -2.321567315611162696e-01 -1.115091040175723580e-01 7.658675642830291286e-02 -1.025376220878038980e-01
-7.912460825318425039e-02 -1.895025200875944671e-01 -1.100352711215970419e-01 4.791685179504221598e-02 -9.894818628175748587e-02
-1.120172809119729385e-01 -2.101947499034411970e-01 -1.103233648952713364e-01 6.847024695743703093e-02 -8.586249588113563369e-02
-1.404417727875961405e-02 -7.413640634016893660e-02 -5.010905571208504328e-02 -3.067043343703158148e-03 -5.206373917675252705e-02
-9.674929934128810582e-02 -1.971327093044710765e-01 -1.035986484403482316e-01 5.108658003823407512e-02 -8.685718892152546888e-02
4.618259151192236067e-02 1.136149999401065425e-01 -1.121663888320302838e-01 -4.345905259311824004e-02 1.787618954862837950e-01
-1.037327306507545982e-01 -1.910834102068028062e-01 -1.070915617162002120e-01 6.197579276630389711e-02 -7.532743071056624551e-02
-1.707563080094297303e-02 -2.041676409692070454e-02 -1.084795341577192568e-01 4.618237679375422969e-03 6.807818217167303787e-02
-1.074918309283990070e-01 -2.129136772685447931e-01 -1.000894903965874189e-01 6.332006900982357911e-02 -9.657650501672489229e-02
-6.204484354555687975e-02 -1.084103552779811797e-01 -1.092340605476058990e-01 3.335830495967941067e-02 -4.140024878041322770e-03
