-1.052397598044924609e-01 -1.999911821096403697e-01 -1.082573677727310946e-01 6.074366869863311730e-02 -7.874106663909985482e-02
2.674734717434987252e-02 7.310221151353785141e-02 -1.103037748039086413e-01 -2.889210160761846585e-02 1.455236803730851347e-01
2.242526494058871833e-03 3.163497713163310882e-02 -1.075043431525659204e-01 -1.472723961057453672e-02 1.069124235407256374e-01
2.760166601728392122e-02 7.847346533932422763e-02 -5.583177154706431972e-02 -2.338795880400790922e-02 1.137211210135218864e-01
4.248048518238319027e-02 1.087396479463030030e-01 -1.108202830122685112e-01 -4.162611470911331546e-02 1.748736110942930855e-01
-1.198138897138780953e-02 -2.857091815185631642e-02 1.086240882503269056e-01 3.540272558464263586e-02 -6.840410571462585132e-02
5.682396020667107583e-02 1.879197950779493698e-01 -6.483948502097983124e-02 -1.076978241883244820e-02 9.018753276135715868e-03
3.307704061518114413e-02 9.389874202816309023e-02 -1.092073147812347989e-01 -3.568475630671389537e-02 1.593573998463420904e-01
-3.148913067611283645e-02 -4.049328976198464380e-02 -1.040601389198473475e-01 1.103176947932609127e-02 4.559200949482053455e-02
-2.147420481559306205e-02 -2.096160880214305994e-02 -1.032821380177439130e-01 4.781388271413618274e-03 5.897539081547970019e-02
5.107483058689168964e-02 1.244313407299120766e-01 -1.093196551538412609e-01 -4.633008119419414900e-02 1.851942020917549947e-01
-2.347477944406668737e-02 -1.990646158638639807e-02 -1.040277384416659900e-01 3.765579711236345661e-03 6.252958241124587091e-02
5.357371155961621056e-02 1.199193524011312739e-01 -1.116359012737332956e-01 -4.511893505449962594e-02 1.858256230171420886e-01
-1.069480128696560367e-01 -1.997137174552774674e-01 -1.032509679754911036e-01 6.215004256192032533e-02 -8.626041135371154134e-02
-1.102765177213085035e-01 -2.036044175453255445e-01 -1.095744457285047213e-01 6.712031422513220491e-02 -8.345252889388285467e-02
7.251596598194874621e-03 3.585637274773769562e-02 -1.066546677409547089e-01 -1.519285543742563728e-02 1.116530929734845107e-01
-3.790107205381954697e-02 -4.652169957076371376e-02 -9.399830678050775934e-02 1.466790830750969860e-02 3.334059283329034173e-02
4.488286456288678727e-02 1.150055041288934321e-01 -9.905686646213998636e-02 -4.198304779701610145e-02 1.714801670866684946e-01
5.631272145650176308e-02 9.827493743767068413e-02 -1.128108073843084591e-01 -3.912332293016329565e-02 1.782642572638891143e-01
-1.073663737653366840e-01 -1.892260105792469282e-01 -8.621755294398161795e-02 6.518420502435405550e-02 -8.513486424206903602e-02
7.522139082262901955e-03 3.654344363840170834e-02 -1.118080232480029856e-01 -1.618589195712113321e-02 1.161232057924881100e-01
5.209931833184811012e-02 1.219635705016061389e-01 -1.138655244553361257e-01 -4.624790594429297602e-02 1.881014496171004302e-01
-9.799312760093364938e-02 -1.742497651976801232e-01 -1.081946481471668942e-01 5.676525582809783393e-02 -5.943171392797177988e-02
1.488242006537382478e-02 5.636329207526897395e-02 -1.066444720135134860e-01 -2.202739966859375981e-02 1.260704667803220214e-01
5.076854507193066801e-02 1.024761328029023810e-01 -1.102324943028483162e-01 -3.946383960235740063e-02 1.738114730343151004e-01
-8.937438253161422708e-02 -1.632171162615458915e-01 -9.932717342478220024e-02 5.465292210158802927e-02 -5.731515581971535767e-02
5.811898036866200434e-04 2.686055278428108734e-02 -1.061364911497860164e-01 -1.205288028973450047e-02 9.945655152302214363e-02
4.260318907055796189e-02 1.514750562158002078e-01 5.376438866094727098e-01 -1.692230124211118250e-03 -2.827163423997575142e-01
-7.761389061803629363e-02 -1.719692027164585468e-01 -1.109778742525904943e-01 2.745577579217382130e-02 -9.017531474681446391e-02
5.143260351411875486e-02 1.258734277266231605e-01 -1.100684271734752168e-01 -4.709676070482613636e-02 1.871198985541720761e-01
-6.618188606752201109e-02 -1.253433037710374731e-01 -9.356761608490406223e-02 4.238527727256483774e-02 -3.815594498441846061e-02
-2.107788665773231707e-02 -1.845492143248383260e-02 -8.696480901603163838e-02 6.629700545806203708e-03 4.610255830726993354e-02
-1.166910252615358662e-01 -2.157266177998853340e-01 -1.119121133670564483e-01 7.111249804468040836e-02 -8.900830580852263363e-02
3.717400948209535760e-02 7.941495108938184666e-02 -1.097801622573988806e-01 -4.143203382361287240e-02 1.464188818142025672e-01
4.585611153989473110e-02 1.166421946446456748e-01 -1.088952859012909113e-01 -4.358973719852604622e-02 1.773434749758544537e-01
1.777669768063771388e-02 6.458638300708410829e-02 -1.041265877778950882e-01 -2.438238209106118742e-02 1.293383450250239486e-01
2.756627314471916945e-02 8.844864230425569795e-02 -1.003196461249388216e-01 -3.123488486835313688e-02 1.444357395879398986e-01
-5.128691624573133989e-03 1.236443057086183267e-02 -1.008843998913676876e-01 -5.768772916661122144e-03 8.723535387650217798e-02
-4.143302362969193686e-02 -5.809214202604605359e-02 -7.788655417784638713e-02 2.162140062076206223e-02 1.441055577958032415e-02
-3.756507436509724795e-02 -7.121116538919859684e-02 -1.105790436164731383e-01 1.851572654750242505e-02 3.487782783551442167e-02
4.918256428933992508e-02 1.220251478634325759e-01 -1.117236094044155026e-01 -4.644806321636046204e-02 1.861305617306134030e-01
-7.010192496127881645e-02 -1.128525189154455932e-01 -1.079486472347552795e-01 3.573139647875285541e-02 -9.855283810868607774e-03
-3.932775427564421528e-02 -5.598514648010110423e-02 -1.077132967003449071e-01 1.776024619398753127e-02 2.887058153775847597e-02
3.223880776571944051e-03 4.685761130477864717e-02 -1.028509950566316306e-01 -1.933474093035762037e-02 1.108992011906187597e-01
-9.936253919304488536e-02 -1.719335024820533298e-01 -8.139283842959429971e-02 6.152305070074897547e-02 -7.860348605614821127e-02
-8.134993306305082772e-02 -1.421932409919390572e-01 -9.442614394544400491e-02 4.802140627819744684e-02 -4.202103098300262463e-02
1.997002299728967839e-02 5.512943244259065761e-02 -1.058838641110585871e-01 -2.216697115228068171e-02 1.290875058182110457e-01
3.444839115033133947e-02 1.032115829974363241e-01 -1.125246688527283823e-01 -3.938529859628169677e-02 1.674655147957303247e-01
5.772380625883223593e-02 1.348271760496534133e-01 -1.115541507672822980e-01 -5.095888395320797432e-02 1.975905017469998248e-01
-7.683622345902668682e-02 -1.832830806283164693e-01 -1.012636198660979286e-01 3.240618803310914980e-02 -8.273144323673360667e-02
-6.934283003669755585e-02 -1.182676585955065723e-01 -1.026157775002268513e-01 3.954494501126123995e-02 -2.066295400918892813e-02
4.815803435041532410e-02 1.071603812161346370e-01 -1.106455723384908441e-01 -4.113878664038445737e-02 1.771627475250351358e-01
-1.013091824527423412e-01 -1.789250338677472185e-01 -9.790797258790533142e-02 6.025778924329271841e-02 -6.879779489152199057e-02
-6.880023678735038006e-02 -1.211209239956748396e-01 -8.574668616414762856e-02 4.199557315225089377e-02 -3.207368149916814404e-02
-9.130337685191423913e-02 -1.908573697539100722e-01 -5.945783588171588141e-02 6.059287197936483182e-02 -1.089561028557465977e-01
1.950860156538745949e-02 7.052151558457400715e-02 -1.121385657046415352e-01 -2.709603096282146850e-02 1.385033588423229545e-01
2.063610767090883619e-02 6.209574670424752169e-02 -7.391276120780665426e-02 -2.394499451054529077e-02 1.027107334524226395e-01
4.804731264322197049e-02 1.117869924287545613e-01 -9.852615521108964991e-02 -4.040368591868871012e-02 1.669248611048627373e-01
1.004881265612939251e-01 1.217759051919516111e-01 -6.080763719353764196e-02 -6.028400395744625689e-02 1.292696092508454631e-01
3.909273269432830822e-02 9.490152215394945245e-02 -1.086035780382296478e-01 -3.577604330288916556e-02 1.608267191581598810e-01
-6.136183495404169685e-02 -8.878589022203459136e-02 -1.111162826045936358e-01 2.716684618454246608e-02 1.092192647475516941e-02
2.997331758392152157e-02 8.009194035224181940e-02 -1.079783686755909355e-01 -3.025957736313669016e-02 1.466612262479097817e-01
4.357926117474417160e-02 1.047566808841081942e-01 -1.088892923239439398e-01 -3.891231730440421199e-02 1.677558808247687494e-01
3.821837484516872607e-02 9.896629118044672491e-02 -1.007635517499085726e-01 -3.704772837991103518e-02 1.600902181851399653e-01
3.630680951767338571e-02 9.637616377005511770e-02 -9.761996405146922129e-02 -3.493948918099898382e-02 1.537087222554900379e-01
2.527926705367405935e-02 7.924833560314048508e-02 -1.026953495390828391e-01 -3.009497627652743534e-02 1.431886843449468871e-01
4.728118634462315228e-02 7.945911100194102961e-02 -1.115884730030405336e-01 -5.226288597593018587e-02 1.475738168643088155e-01
1.045766176964807448e-02 4.895145150313328503e-02 -6.090243023491564989e-02 -1.312300339872457360e-02 9.027015129121443437e-02
-1.149373106697433727e-01 -2.103339661646223546e-01 -1.118508774202999628e-01 6.920079613113283568e-02 -8.457140030481374859e-02
7.601015182626003064e-02 1.398929785629013101e-01 2.735724781622414503e-03 -3.814652076015095927e-02 1.104356488111141593e-01
5.157373514757408739e-02 1.268196684113777617e-01 -1.117236094044155026e-01 -4.812032615200576707e-02 1.900889170968247666e-01
6.302223864920289409e-02 1.033030569257892550e-01 -1.000005657632015155e-01 -3.937334317703597431e-02 1.776282792803678678e-01
4.645855109845010988e-02 1.102644274251178280e-01 -1.108814904975009286e-01 -4.200821632742705869e-02 1.776408555629635788e-01
-2.977704168979702914e-03 3.264022221570409693e-02 -3.811204303035634067e-02 -4.530672755468511878e-03 6.161872862029083020e-02
4.708008002533220493e-02 1.097522355142933337e-01 -7.159605337382221601e-02 -3.614491904459608829e-02 1.515853496823397484e-01
2.059575342765386785e-01 1.331720364425776348e-01 -9.690281406780033857e-02 -3.588459603595466063e-02 -8.676904573184981984e-02
3.954269350288730500e-02 1.045033680027173117e-01 -1.115984039685423562e-01 -3.989447859200866142e-02 1.708487050255578232e-01
4.079395800451160459e-02 1.027093813945272327e-01 -1.100315882834027315e-01 -3.887204537916871122e-02 1.677481151157213801e-01
-2.357564129919414303e-02 3.420588663324220652e-02 3.216524244647701591e-01 4.431997800710603397e-02 -1.719989093318819440e-01
-7.126742465874028043e-02 -1.147544342851447297e-01 -1.052652523194490541e-01 3.707196987825357032e-02 -1.444738872560055037e-02
-4.470927071166010125e-02 -7.111668258945086363e-02 -1.003820615817737349e-01 2.145965237590086866e-02 2.200715910727122498e-02
-1.455306513015856146e-02 1.506516367763777869e-02 -7.741242347181913341e-02 -4.170741004147349509e-03 7.236520592596737411e-02
4.101869695158792684e-02 1.109679755092851383e-01 -1.085156065709578371e-01 -4.085285922784012008e-02 1.694897337190153785e-01
4.989017488307889714e-02 1.234043175088422040e-01 -1.081874697844353306e-01 -4.595541757619370921e-02 1.829678513672550744e-01
2.738424295611869425e-02 5.532051592217931274e-02 -1.119850597263748471e-01 -3.279669408875807851e-02 1.299210351312142520e-01
-1.171696611759378559e-01 -2.141648787769420137e-01 -1.065372736058434328e-01 7.136651223216397555e-02 -9.212941026785047283e-02
2.371000538710250904e-02 7.396969162056693525e-02 -1.100735117335435442e-01 -2.891929889520583608e-02 1.441011637261445377e-01
1.901735140251206158e-01 5.433384875999463376e-02 -1.166682234659097150e-01 -2.939374920067318597e-01 -1.895039176770408340e-01
-3.161063781827162800e-02 -3.843789958580186988e-02 -1.043302413557510022e-01 1.047953266171770988e-02 4.619984726943868192e-02
-8.348783898226341815e-02 -1.359897985575471979e-01 -4.621956501019116453e-02 5.206323898516075632e-02 -7.078935051258192224e-02
-7.475100736671076718e-03 -1.154273077190230007e-02 -9.572664458360480300e-02 2.811823303854208908e-03 6.859863633157385621e-02
-9.783291521701611981e-02 -1.817956411066763700e-01 -8.969802635080606490e-02 5.826831136929084415e-02 -8.270413620942736188e-02
-1.065537888232250263e-01 -1.940744282251545549e-01 -9.895069144500759362e-02 6.401176154317429756e-02 -7.866648696941050400e-02
3.256548035181597300e-02 8.491757373601774295e-02 -9.969683451382423123e-02 -3.142555834468452325e-02 1.477636435345113797e-01
1.494102428521876247e-02 6.487169263240899486e-02 -1.114311953001832778e-01 -2.490997079472190290e-02 1.333094769260590451e-01
-7.002536612396491333e-03 1.102600345236714324e-02 -7.998265232613488429e-02 -2.717151837811319567e-03 7.222205344222124013e-02
-3.857357809345095256e-02 -8.811579312834595668e-02 -1.053871872532979731e-01 2.532467093974328023e-02 1.967639196354729891e-02
-2.374189065614182997e-02 -9.340954012333063661e-05 -1.096041619854366961e-01 -3.917706135850679630e-03 7.822656350675420700e-02
-3.267466417657171468e-02 -3.392874934683019761e-02 -1.073439687999121622e-01 8.201800603674282847e-03 5.184155076076953084e-02
5.080003286046666511e-02 1.272038082764929134e-01 -1.107082238328797180e-01 -4.761450916492488555e-02 1.879217960684790578e-01
-2.448712317269487182e-02 -1.289367692806936416e-03 -8.563498782783249275e-02 -3.008943014400437474e-03 6.415944365098670554e-02
-8.099966773701994943e-03 1.552724538049329167e-02 -8.536011602070268933e-02 -5.552511552433929756e-03 7.994622610552157282e-02
2.103881761740172829e-03 1.376233597756392618e-02 -1.031766750611360639e-01 -9.784658429757070106e-03 9.211944957189117933e-02
-1.116141817475809275e-02 7.089856653711312795e-02 4.415930973246532387e-01 4.855524582159306823e-02 -2.161485694933701907e-01
2.967363663889877740e-02 8.601706515188142776e-02 -9.885731933344719946e-02 -3.169261118308776964e-02 1.478074724439468746e-01
-1.130289213484979016e-01 -2.104991774120220926e-01 -1.108148603504764546e-01 6.943777819065237444e-02 -8.535867787067699664e-02
-9.445775590222293960e-02 -1.711028171974010859e-01 -1.063681473639821462e-01 5.181480226758555796e-02 -6.391853837182510933e-02
-1.209773749134793602e-01 -2.232511811132726620e-01 -1.091909967280293714e-01 7.402803098997856601e-02 -9.655891512799717746e-02
-8.704434241799408056e-02 -1.545743483355847825e-01 -1.035367379817204586e-01 5.051185132225708557e-02 -4.562395065558284835e-02
5.048886078884222417e-02 1.219467342967517909e-01 -1.107481709619062282e-01 -4.602280926894199153e-02 1.860258299387561876e-01
-2.604690676326040441e-02 -2.893664080443025463e-02 -9.960241358344631979e-02 9.438559934272266333e-03 3.951136279647451954e-02
-1.058703974614195881e-01 -1.918717701847917900e-01 -9.622886912422193295e-02 6.392214000017297504e-02 -8.000816314795512751e-02
-9.997816958323271774e-02 -1.787536563743765960e-01 -7.972545062632925561e-02 6.331359319494042626e-02 -8.001800357056211566e-02
-5.599754065252401936e-02 -1.040936548062463829e-01 -1.091924067302809803e-01 2.138292891510895632e-02 -1.362059300580517260e-02
-7.288277633346974815e-02 -1.162625388537699700e-01 -1.074007734540948916e-01 3.405767638833423483e-02 -1.081527153165963775e-02
1.288132765965710469e-02 5.294598333928789841e-02 -9.271602838231093879e-02 -1.881498431843380004e-02 1.116869587265274383e-01
-2.630904810072935696e-02 -2.315666631185075292e-02 -1.078823162825578164e-01 4.970849584714338854e-03 6.183488534838706141e-02
-1.110657390860862181e-01 -2.092425433000272006e-01 -1.013505653397050177e-01 6.999478350656865300e-02 -8.806202832855773710e-02
-1.128358693995895334e-01 -2.059433401140429443e-01 -8.123585061564983500e-02 6.857914140277554527e-02 -1.051699744057732477e-01
3.477030380762236028e-02 8.777151798922502857e-02 -5.285191445605028071e-02 -2.158720827435108708e-02 9.630395508490736944e-02
-4.793947387257911641e-02 -7.839347038137836621e-02 -7.203052329614381688e-02 2.872210111742230787e-02 -7.191313714242471983e-03
-3.478739910406108971e-02 -3.896345082781740160e-02 -1.087827738595189137e-01 1.107281507778813158e-02 4.740757804077494475e-02
2.358324390898405148e-02 6.852077652349622405e-02 -1.075108827280376045e-01 -2.620021060325720269e-02 1.356618822296006277e-01
-6.259581100843121526e-02 -1.010975974051775000e-01 -9.962378492347362391e-02 3.273475154728766601e-02 -5.617877160520440977e-03
-1.213831983018183458e-01 -2.233875119003667364e-01 -1.010732670810394057e-01 7.522978992069685733e-02 -1.013038399490106128e-01
-9.939257687089393667e-02 -1.915262134349571266e-01 -1.024378776818039433e-01 4.437761876324439886e-02 -5.570259493183632449e-02
8.482361660686286997e-02 1.571267451916222302e-01 1.791295755569898562e-01 -1.784439096299920979e-02 3.799628540064157317e-02
-8.481965162381630008e-02 -1.466354427723486342e-01 -1.031524216852824638e-01 4.818745249154327004e-02 -4.209468837503575755e-02
4.586768206442184970e-02 1.126482487802455690e-01 -1.076871251953196162e-01 -4.223866925398246652e-02 1.757295104281083875e-01
-1.100561005290910249e-01 -2.096766152825535467e-01 -1.101188228782365164e-01 6.458331348180776366e-02 -8.942651422210529111e-02
5.049077118347977677e-02 1.216729675241704500e-01 -1.093196551538412609e-01 -4.532807455432884269e-02 1.827505579917678979e-01
-9.300252471045000746e-02 -1.621203791684362183e-01 -1.004541182030570107e-01 5.393000819134675938e-02 -5.610632156344314003e-02
-1.054710919261400148e-01 -1.906885050012992189e-01 -1.050448921231917354e-01 6.324540392462446592e-02 -7.562170568082748900e-02
1.909839531654430184e-02 5.831998217403564638e-02 -1.096041301999124140e-01 -2.350039574114193980e-02 1.322177444346153419e-01
-1.034708436233931217e-01 -1.863303002018853183e-01 -8.669014590698503886e-02 6.416263516166574588e-02 -8.203923901871702784e-02
-7.672024836526364355e-02 -1.309755995884880619e-01 -8.946911573862799394e-02 4.337885265028227494e-02 -3.869657662520871455e-02
-9.735636042515265209e-02 -1.918309127118931479e-01 -9.874869793131221818e-02 5.115747094979418430e-02 -9.535065384476427985e-02
-3.091295998716381277e-03 3.949283055107054990e-02 -9.511940492453804796e-02 -1.572226327603497981e-02 1.041040860142109781e-01
-8.524754742909604333e-02 -1.673922682341247303e-01 -9.139743956562973448e-02 4.682187233252857461e-02 -6.335612008455571154e-02
-1.091250393395059720e-01 -1.915381877826838053e-01 -8.954110715401808474e-02 6.802535198543914474e-02 -9.231288995754370619e-02
2.169324612287504284e-02 7.252429756952660789e-02 -1.064484788422830064e-01 -2.749965102658678134e-02 1.387055961122032888e-01
3.893601860076256749e-02 1.039386970880302186e-01 -1.081245917429888570e-01 -3.919545833389243006e-02 1.673439353643742245e-01
-8.670308875646709490e-02 -1.574143853678682536e-01 -1.145927143911767004e-01 5.388400562431226032e-02 -4.798551821636524994e-02
-5.526833752697661584e-02 -1.092223314724482253e-01 -9.812613074131372459e-02 3.848805357416023448e-02 -2.977384352926150737e-02
-8.602113425259352852e-02 -1.536346095760904029e-01 -7.883203094366568464e-02 5.354804639841924396e-02 -5.958774062364086133e-02
2.719616613297100999e-02 2.870142293518509330e-02 -1.903410316936786362e-02 -7.858775610557508506e-02 1.285183314788966857e-01
-8.329482646775385191e-02 -1.463111906332956180e-01 -1.102796496309203650e-01 4.740773054792846858e-02 -3.463180532480823748e-02
-2.276438237613516435e-02 -2.469224016019658241e-02 -1.061322602395663867e-01 5.033473364492181343e-03 5.715181776685558657e-02
-4.010920222684702385e-02 -5.623002851927955126e-02 -1.009346560910870522e-01 1.790487411558140673e-02 3.122968527786391946e-02
-9.079671007097012136e-02 -1.800807235222723901e-01 -1.077367859833890801e-01 4.609604174534612936e-02 -7.839183299365642954e-02
4.395024867350064146e-02 1.121758350984628227e-01 -1.131407772013395124e-01 -4.228226933333494031e-02 1.768657078519461634e-01
-9.888740236047176280e-02 -1.773824444869006034e-01 -1.085835539627017649e-01 5.545202954601652356e-02 -5.821257798645559922e-02
-7.804391244751787693e-02 -1.379670990391966001e-01 -9.761474235895403750e-02 4.622570056534254512e-02 -3.710689063569193313e-02
-1.111767198071087620e-01 -2.032221663751921925e-01 -9.850458946371064284e-02 6.724702443386386397e-02 -8.689058002298150063e-02
-1.090386315181461480e-01 -1.969103108729556018e-01 -1.071291185886935615e-01 6.514854163438578427e-02 -7.752666684088942162e-02
-1.089287261569766435e-01 -1.988715113246080912e-01 -1.065634103040428021e-01 6.615817835211200426e-02 -7.949777107122160680e-02
-1.099608958376489115e-01 -1.995790089991391070e-01 -1.114232234171439184e-01 6.563559662420741236e-02 -7.655500112973802340e-02
-1.137678807254882823e-01 -2.086773357911242133e-01 -1.111133700810563452e-01 6.881553954076397028e-02 -8.382029562075235529e-02
-5.006609351504652528e-02 -7.993240359516103066e-02 -9.572273992216430438e-02 2.217554195086574031e-02 1.727513416209268404e-03
-1.152831803710539366e-01 -2.174110470396418138e-01 -1.007536839759308744e-01 7.017066826745430030e-02 -1.015911154810675288e-01
-8.282694319057700566e-03 -6.462871349960652712e-04 -1.111328107482812827e-01 -6.054549074635767400e-03 8.961503268896719998e-02
-9.404716517259417707e-02 -1.633793131496771300e-01 -1.071979900632263616e-01 5.323212790689270391e-02 -5.115691862102075826e-02
1.281056732088464711e-02 5.055637535441848823e-02 -5.575763791581871825e-02 -1.278185971139456957e-02 8.811261479915252770e-02
-6.866332190520391121e-02 -1.268734025883105909e-01 -9.976496976465473732e-02 4.268044955404905888e-02 -3.149257059592176777e-02
-5.905652396548261018e-02 -1.011164152651879145e-01 -8.468719028027582585e-02 3.498579583500289331e-02 -1.379767009616698903e-02
-1.035208362435909718e-01 -1.926563799186511161e-01 -8.009507620079936441e-02 6.419797489952699943e-02 -9.387146908124173461e-02
4.156963125997470421e-02 1.037805943348579230e-01 -1.114047879840431993e-01 -4.036024739443438286e-02 1.717210226091828440e-01
-8.138025692056044536e-02 -1.488952974561170706e-01 -1.089999514448141138e-01 4.796562623116767954e-02 -3.557208844498500888e-02
-1.147422647715283656e-01 -2.107688473065134627e-01 -1.100691161770808446e-01 6.925164734674690847e-02 -8.630358620554222371e-02
-1.003243374729172604e-01 -1.856933434158810348e-01 -1.105121058859595412e-01 6.027784453976767209e-02 -6.351215236877891246e-02
-9.107174052609823267e-02 -2.014194425371945429e-01 -1.065353417441696898e-01 4.682319471674144945e-02 -8.384824437184749957e-02
1.743613019938062281e-01 5.234521246859461657e-02 -1.033978799093887707e-01 -2.664247185702519616e-01 -1.738567666895888264e-01
-1.036495667723904002e-01 -1.849734315193561629e-01 -1.005704605117113404e-01 6.159294684084638816e-02 -7.169786295112741403e-02
-9.280705728414363753e-03 2.046808290677375186e-03 -1.114290948997893049e-01 -3.842378785462294624e-03 8.659513569540845668e-02
-7.317481713459630943e-02 -1.235838469940866158e-01 -9.192189141768201954e-02 4.153016944073708444e-02 -2.843376858900258444e-02
4.557004481760399406e-01 -2.021298183130424420e-01 -9.476973524690648909e-02 -5.217493573791808226e-01 -1.812153658126269828e-01
7.231986666210299397e-02 1.156192280270549322e-01 -6.443537656497248800e-02 -3.885887090480629608e-02 1.657912882093724449e-01
-1.212449365653857219e-01 -2.236089509254308716e-01 -1.083983771854098166e-01 7.423970825411582708e-02 -9.702757063829260675e-02
-6.074701867006983280e-02 -1.011725126867378394e-01 -5.725680642891393946e-02 3.446865415859226567e-02 -3.509675205411391663e-02
-1.102048909909756486e-01 -2.019270001199998943e-01 -1.104908143571226853e-01 6.637217360798076948e-02 -7.857850756286587079e-02
-8.936828728316054127e-04 1.055291628277549992e-02 -1.106844658672977572e-01 -6.876680556254346002e-03 9.582804181855038295e-02
-7.757526216509813555e-02 -1.341441505234433340e-01 -7.904888998642538300e-02 4.930046195261000852e-02 -4.972247439385396595e-02
-8.379747365636043555e-02 -1.502645834917466783e-01 -8.283950904332208764e-02 5.394098862695862612e-02 -6.171013485015126865e-02
-9.861427811257497678e-02 -2.165217473358247990e-01 -1.115199848789389936e-01 5.356493864502206992e-02 -1.081505167086115465e-01
-1.059721459065160049e-01 -2.188325064412318943e-01 -1.118143920687483528e-01 5.362092234960649795e-02 -1.134943693860425984e-01
-8.295153672629118624e-02 -1.498342626000809807e-01 -1.029332484738075121e-01 4.970405150785246057e-02 -4.066231835544131812e-02
1.678122968085079408e-02 5.011558749290528220e-02 -1.062197452080020782e-01 -2.034577755345532563e-02 1.245477511967175988e-01
3.647934449037749938e-02 3.474022761635859463e-02 4.330738282738296752e-01 5.590209019457444140e-02 -1.975699426575800444e-01
-1.145655895844128608e-01 -2.301677440100565741e-01 -1.106774756369137275e-01 6.625986698276033204e-02 -1.023626709769308862e-01
-1.233670578781939642e-01 -2.350902696101336564e-01 -1.114310592323558002e-01 7.345206204916160386e-02 -1.097347134966783072e-01
-6.595315172627987110e-02 -1.114372803397167405e-01 -9.874651395067098048e-02 3.585824007307467087e-02 -1.458867789589974109e-02
-1.293280233005784652e-01 -2.416855423764068533e-01 -1.114310592323558002e-01 8.007752814687567333e-02 -1.094959834380727220e-01
-1.229656639361554199e-01 -2.261356789400034706e-01 -1.021763737022724772e-01 7.608698335098100507e-02 -1.032769023018365318e-01
-4.862197279190107191e-02 -6.772964829235435247e-02 -7.099125945793394177e-02 2.558940586814692497e-02 3.934755964526253855e-03
-1.172660980658597404e-02 4.664215172199454723e-02 2.513280227448840831e-01 3.268061621216059726e-02 -1.197728403405506348e-01
-8.958153621371467423e-02 -1.584239417291513907e-01 -1.060415047981825287e-01 4.899110982447731771e-02 -4.452686585767329230e-02
-9.484308089109938500e-02 -1.687637918174404728e-01 -1.090017440783088848e-01 5.499496701584236091e-02 -5.395242608501724102e-02
-1.098138154290374258e-01 -2.009676972974018538e-01 -1.077355326193348145e-01 6.600378735147743869e-02 -7.950025756601412918e-02
-4.271032943525428921e-03 1.106459006694644059e-02 -1.102468528171738349e-01 -7.071644472195904099e-03 9.351385590381472435e-02
-2.525638645225948900e-02 -3.133143214272549049e-03 -8.563498782783249275e-02 -3.798419227490830788e-03 6.414317132100796903e-02
-1.226522039158775418e-01 -2.264946652111451963e-01 -1.083983771854098166e-01 7.524602180922414230e-02 -9.939203885179795361e-02
-1.013351960016537490e-01 -1.834240983108128831e-01 -9.065890232422739448e-02 5.882054469078600023e-02 -7.190420592063581640e-02
-1.265674500101175715e-01 -2.351394752473755234e-01 -1.111156287123216957e-01 7.792206429096298903e-02 -1.046346092558713553e-01
-1.127216449143871868e-01 -1.994159185883995211e-01 -7.713643819542631563e-02 7.003567242606437149e-02 -9.923921028563569002e-02
-1.267045612082922379e-01 -2.351147218530007799e-01 -1.062902442120869650e-01 7.859895272953885959e-02 -1.080191826193140636e-01
6.246963737574086351e-03 4.134460450647119839e-02 -8.523860024815371750e-02 -1.339798820409411791e-02 9.947514202846470532e-02
-6.980195571182346015e-02 -1.100807289611427653e-01 -4.977224940092406236e-02 4.400282076661522768e-02 -4.623691131245435959e-02
2.718689954782547991e-03 -4.557743580732208366e-03 -5.883306152939658806e-02 4.930000376414468526e-03 5.447893100388075116e-02
5.244849037086814214e-02 8.738477230280317087e-02 2.017638132425443043e-01 7.796551874717295647e-03 -2.424423815659974488e-02
1.577062767648848562e-02 5.595168781378711403e-02 -1.106253382582825517e-01 -2.277270781070846878e-02 1.305432416257875927e-01
5.294175908646502060e-02 1.230570426756611990e-01 -1.097024141015797982e-01 -4.615919234193820858e-02 1.860381934745639620e-01
-1.163458757396251958e-01 -2.155754320411410185e-01 -1.003725648436576134e-01 7.251976991158314012e-02 -9.527537520826903639e-02
-3.982189048067077269e-02 -6.138144035545761712e-02 -1.122585991660997456e-01 1.813656535156796257e-02 3.535322874577512264e-02
-1.034947547987843941e-01 -1.847898851511105833e-01 -9.622876745324236702e-02 6.251429733621367835e-02 -7.584353970192732330e-02
-1.053049356130985881e-01 -1.904284118830146533e-01 -6.391077772768188892e-02 6.858675612246885323e-02 -9.811528795087175181e-02
-6.913188595202743314e-02 -1.366064548918355936e-01 -1.080383020238076391e-01 3.421009453575333398e-02 -3.023197304691115431e-02
-1.223788577375177350e-01 -2.288835017994384491e-01 -9.977509452237534604e-02 7.704278752774668115e-02 -1.065464901382597029e-01
-1.078575814532730520e-01 -1.949357718213814705e-01 -1.102879947242834807e-01 6.400875510128654911e-02 -7.371313024026834859e-02
-1.084227200106132327e-01 -1.969440154502508089e-01 -1.103027759956436982e-01 6.459440637004704167e-02 -7.503462576714178822e-02
-4.244644797444975526e-02 -1.571915336756608272e-01 -7.928829783078707172e-02 5.333719323283529073e-03 -7.025098373427836329e-02
-1.293280233005784652e-01 -2.416855423764068533e-01 -1.114310592323558002e-01 8.007752814687567333e-02 -1.094959834380727220e-01
-1.132387331524791207e-01 -2.168096420183143747e-01 -1.087206707479398543e-01 6.835100583494632676e-02 -9.437119814185968014e-02
-3.461392912682479533e-02 -4.389808765293785886e-02 -1.042980603984112464e-01 1.216053051971665265e-02 4.315718482175755905e-02
-1.184765232007073260e-01 -2.215049062483967490e-01 -1.094011598474400326e-01 7.347959128191983158e-02 -9.664610042138034596e-02
-8.802020855192979609e-02 -1.694907357012268023e-01 -2.900392222291364036e-02 6.525210628594786677e-02 -9.693342158719309154e-02
-1.050890392470334306e-01 -1.877236909928642894e-01 -6.663339213024847829e-02 6.159240542848033739e-02 -8.988752760702518885e-02
-9.385959504760579830e-02 -1.899463831795391300e-01 -1.096989407576861031e-01 5.272695678294421484e-02 -7.356890648194856774e-02
-7.568996491296629825e-02 -1.301783754080473865e-01 -1.016286072794108097e-01 4.033290674100980383e-02 -2.998348883311302213e-02
1.930212907804441935e-02 6.162000772853270386e-02 -1.092219546406921482e-01 -2.448335531888140570e-02 1.334549310510803888e-01
1.930212907804441935e-02 6.162000772853270386e-02 -1.092219546406921482e-01 -2.448335531888140570e-02 1.334549310510803888e-01
-5.807953630109916054e-02 -1.023343166232758006e-01 -1.098769354016692346e-01 3.286218706534140693e-02 -3.703773767541572448e-05
-1.070296840746931266e-01 -1.953684814651323320e-01 -1.052198042067092193e-01 6.302040737026469441e-02 -7.539320467497180600e-02
1.207613438349506435e-02 4.497408520096050216e-02 -9.790412369982477714e-02 -1.710694009653897230e-02 1.128396585683499459e-01
-7.191917153488126824e-02 -1.218152026920370501e-01 -1.037642164627672475e-01 3.928419789104140025e-02 -1.981047354194747853e-02
-4.247010265628752695e-02 -7.786242070914067837e-02 -1.099332629460225835e-01 2.711793307119664265e-02 5.480541510587983584e-04
-9.881256137598266875e-02 -1.779143901312004172e-01 -1.033644314087337757e-01 5.909660081049343539e-02 -6.756385497124592354e-02
-1.186938900224931148e-01 -2.188547039150713358e-01 -1.098316373686700070e-01 7.245523884526841596e-02 -9.239480829641957826e-02
-8.827085939906634260e-02 -1.641227948401125791e-01 -1.116132314829989952e-01 5.336317600331002414e-02 -4.565641587398638901e-02
-9.353798634465780582e-02 -1.668151167144390767e-01 -1.097659281462086134e-01 5.471816561665429623e-02 -5.087842985330363887e-02
-8.730581718052475571e-02 -1.524806487290263080e-01 -9.722806057793677292e-02 5.196488063106947941e-02 -4.895717574136047856e-02
-4.295424780119883740e-02 -6.468970385365091502e-02 -7.752986413255583131e-02 2.325269007094476342e-02 1.290609893066207124e-02
-4.011347295532122909e-02 -5.987988281646405841e-02 -8.539465450696406834e-02 2.100255669181707446e-02 1.791380619484216757e-02
-7.931539786055154251e-02 -1.476805644632535885e-01 -1.108236029810401591e-01 4.766537588414374027e-02 -3.226853314244294835e-02
-6.266462756322088712e-02 -9.572587324169132272e-02 -4.979886575438770974e-02 3.733465574644505985e-02 -3.452077754981602853e-02
-5.418029581751180462e-02 -8.341924247747123378e-02 -9.346380238411279573e-02 2.731057884811655817e-02 4.369920108558699584e-03
-9.436245080339958347e-02 -1.709323298702369875e-01 -1.062571838048946976e-01 5.582107834141614849e-02 -5.576747942929917434e-02
-8.499299595818216035e-02 -1.500026149098177553e-01 -9.312534564453228692e-02 5.015329615885470715e-02 -4.593403689234766551e-02
-7.261492963569682324e-02 -1.361376708943529135e-01 -3.759716036954973556e-02 5.338207987586065378e-02 -6.697529578973750175e-02
-5.503175308589106779e-02 -1.024610631945821887e-01 -1.103268913782253918e-01 3.198490040710284810e-02 4.789120056781066836e-03
-9.815220740624219786e-02 -1.806348277820258308e-01 -7.885932218946424543e-02 5.822578194697413528e-02 -8.315397440659424988e-02
4.588191636175505128e-02 1.174223634844776543e-01 -9.736362974716414320e-02 -4.258728035062148837e-02 1.723145250188478916e-01
-4.993276941304557182e-02 -7.238774926208775551e-02 -7.328161391505524924e-02 2.643994797953424028e-02 -3.571625957226376435e-03
-3.549000522932374557e-04 -4.202437122695399513e-02 -1.006879553743836864e-01 -2.856636329290123538e-02 2.945957781459885086e-02
-3.055194064111134422e-02 -8.019146387146791621e-04 1.547959219174717127e-01 3.310125117604270639e-02 -9.184273235568707339e-02
-6.836504522811004403e-02 -1.192440189612330448e-01 -9.202924032371634366e-02 3.623775675347122582e-02 -3.193831398283937528e-02
1.642853838887173290e-01 4.154715088238970094e-02 -8.447001778627120927e-02 7.599444387638134603e-03 -1.760507811611847773e-01
-8.508781970607445788e-02 -1.607968024223828396e-01 -6.715464699478533583e-02 4.523059843835287169e-02 -9.140359345738817420e-02
3.307704061518114413e-02 9.389874202816309023e-02 -1.092073147812347989e-01 -3.568475630671389537e-02 1.593573998463420904e-01
-4.685194634196228336e-02 -1.232147947902033081e-01 -8.923818394896726458e-02 1.666821021140311651e-02 -8.173350710437500555e-02
-6.043314323978854485e-02 -1.004711363500921661e-01 -8.253571168774211098e-02 3.464420826924584362e-02 -1.476978614138996920e-02
-4.595563600908772472e-02 -6.225013482439589046e-02 -8.754140370744037392e-02 2.086180384251231854e-02 1.645754095944011036e-02
1.910035881501732091e-01 7.893255547005093020e-02 -7.964306036957795321e-02 -2.903706857468010827e-01 -1.981965541259946284e-01
-3.055194064111134422e-02 -8.019146387146791621e-04 1.547959219174717127e-01 3.310125117604270639e-02 -9.184273235568707339e-02
3.976482885618000396e-02 1.055029465720422055e-01 -8.175516809745370095e-02 -3.618551846656559851e-02 1.525879324085418209e-01
4.523555146744162592e-02 1.092326137455052193e-01 -1.041498529011779667e-01 -4.457980718753459803e-02 1.625258043159244770e-01
4.652872642200413245e-02 1.106224037883658251e-01 -1.108202830122685112e-01 -4.244765523034395305e-02 1.783007664262300229e-01
-3.216429212182383979e-02 2.520276194446514212e-02 3.911496191340518847e-01 5.109483215080926066e-02 -2.327135175961841107e-01
-2.315017202529821849e-02 -6.870180228112489351e-02 -8.744285239586978287e-02 1.833753438694115181e-02 -4.497252986636883498e-02
1.942037644276056740e-02 -9.221249797929173542e-02 -8.629247255543112671e-02 1.171353131066750833e-02 -1.202308577482038565e-01
-8.149393834553858573e-02 -1.399889741531234744e-01 -1.045854164511909740e-01 4.621612032452000751e-02 -3.230685741994000770e-02
-9.198250133122398697e-02 -1.631053886013604237e-01 -8.611822409921199295e-02 5.467702267313348519e-02 -6.101548800030563713e-02
5.211158845595009748e-02 1.210447862548659492e-01 -1.082309972979827867e-01 -4.572381819477468190e-02 1.855314350706285809e-01
-1.071601491921842231e-01 -1.902803849559878691e-01 -8.162245537226098246e-02 6.637930627591592803e-02 -8.895243391558128876e-02
1.722103369286397817e-02 6.015311450502548035e-02 -9.509525193326441583e-02 -2.313021193318767071e-02 1.251952560393483627e-01
5.252485715155461032e-02 1.258448881658768281e-01 -1.105228847004426362e-01 -4.716440302666954215e-02 1.883834078963741165e-01
3.037349781154549677e-02 8.378717539500352141e-02 -1.103577389541726961e-01 -3.233517584420727425e-02 1.521491187011230206e-01
6.496027647980115449e-02 8.095846992206881532e-02 -1.048457057472710341e-01 -8.475287666590729241e-02 1.313513741989829620e-01
5.049077118347977677e-02 1.216729675241704500e-01 -1.093196551538412609e-01 -4.532807455432884269e-02 1.827505579917678979e-01
-5.933088054797343303e-03 9.011989078798403330e-03 -1.004953816756080642e-01 -4.673402480513970739e-03 8.281660277797503467e-02
-9.203656446369271049e-02 -1.650713391728468316e-01 -1.116140872019332486e-01 5.376601512688388568e-02 -4.882213386816126877e-02
-9.534012776334899186e-02 -1.818757205072412952e-01 -8.030455033524556974e-02 6.198987757496122325e-02 -7.633715948927888295e-02
5.757619246294934379e-03 -5.530740357522212491e-04 -2.655395042324180943e-02 7.930391338517162395e-03 4.087335181230331710e-02
3.353513240955256769e-02 9.539874202816306381e-02 -1.092073147812347989e-01 -3.619368589804055486e-02 1.604220611719065215e-01
-4.482869949542737931e-02 -6.383940695618577077e-02 -1.038974171480125386e-01 2.040602753919202456e-02 2.387873831633728974e-02
4.907204776971783866e-03 3.847885221162988117e-02 -1.066587747436247013e-01 -1.578091031439998043e-02 1.089382144039121869e-01
-1.018884639170645756e-01 -1.949895550149931545e-01 -1.067785862796630236e-01 5.940610174567249185e-02 -7.647476222063663565e-02
4.199414793109768063e-02 1.055730177581635787e-01 -1.100315882834027315e-01 -3.990917067160774934e-02 1.703811271000953420e-01
3.106367994659722798e-02 8.359346677444906559e-02 -1.107067737310223621e-01 -3.247022467930994749e-02 1.544136704316685926e-01
3.947584208055909816e-02 1.041442500469542953e-01 -1.107770290178749228e-01 -4.002220637541029080e-02 1.703895754325858714e-01
-3.839188547141096641e-02 -5.279987068338713729e-02 -9.149497046689172852e-02 1.750900770841076065e-02 2.953101807399359513e-02
1.689795699070816004e-02 7.811050801034477575e-02 -1.010210087954521024e-01 -2.876560093168271243e-02 1.387530490664355132e-01
4.244227443524296872e-03 4.231297611756097005e-02 -9.617677622385144287e-02 -1.635975361451935672e-02 1.064633700452306403e-01
-8.599416251339954409e-02 -1.577454266312690034e-01 -9.272010485997174423e-02 4.918071299331105289e-02 -5.971821715274527875e-02
2.277226712444517520e-02 6.987820195561744718e-02 -1.053607646046693658e-01 -2.631935904084518885e-02 1.358278323018838329e-01
-1.051451187892221417e-01 -1.949408929215415143e-01 -1.127004471243290840e-01 6.413675552071256003e-02 -7.126581838827916737e-02
-6.963029297977010867e-02 -1.160176412682319969e-01 -1.117837523096383984e-01 3.683824195402113366e-02 -9.449097014557202717e-03
-1.214964921598857550e-01 -2.245486628565947496e-01 -1.103654736877135445e-01 7.445152563903056908e-02 -9.784865228442569951e-02
-5.598328582496856637e-02 -1.631198929651623275e-01 -8.164256009198384012e-02 1.819460443314859649e-02 -1.212912546657652635e-01
-1.683583639240273169e-02 5.405434050315953420e-03 -1.099985029004683090e-01 -4.951628790231961050e-03 8.457923629225028161e-02
-9.586844812621286849e-02 -1.951331332172946686e-01 -1.009621691077930011e-01 5.070128405603743088e-02 -8.606453810956588013e-02
3.019448319393694402e-02 3.515671848423485707e-02 -6.670625362491067190e-02 -4.225812077672452122e-02 4.255305115211218195e-03
-1.052757782214164689e-01 -1.974485419357402127e-01 -7.128018930778874662e-02 6.176163336751133021e-02 -1.120047655068389936e-01
2.358324390898405148e-02 6.852077652349622405e-02 -1.075108827280376045e-01 -2.620021060325720269e-02 1.356618822296006277e-01
-8.124465129338437341e-02 -1.714483777169204803e-01 -1.083230738847147656e-01 4.091954349424446746e-02 -5.795382503919203898e-02
2.607326121160295079e-02 6.788072244789880583e-02 -1.088296342383325982e-01 -2.643269063638300359e-02 1.388374903889609546e-01
-1.123741638563204026e-01 -2.076518463354177779e-01 -9.834676224073488071e-02 7.014980233463395665e-02 -9.096215926354372927e-02
-5.905920532717505445e-02 -9.766272023384811596e-02 -8.698496180683477907e-02 3.368619108701641912e-02 -1.068058061703107756e-02
