-1.054073607153599157e-01 -1.914293296774133568e-01 -1.025816722817957383e-01 6.234867946005286793e-02 -7.543846265131783080e-02
3.105852169007804198e-02 7.722575823703886622e-02 -1.110724760040180531e-01 -3.011168324687413939e-02 1.516499658814619567e-01
-1.117501831300076950e-02 9.538367459022457917e-03 -1.100360007960318048e-01 -7.657975339660472516e-03 8.828351472589815452e-02
3.205827949798702170e-02 9.072320187127255742e-02 -1.071316632157262166e-01 -3.414743320634142099e-02 1.555308219877659381e-01
6.222795343911116661e-02 1.466149684875314718e-01 -1.143984471530626740e-01 -5.468067639815037823e-02 2.088850134394595326e-01
-2.812358727781118228e-02 -6.037755493707185755e-02 1.091966236613707564e-01 4.614484850013607364e-02 -9.301549252434761217e-02
9.681876595364995175e-02 2.256081497640445854e-01 -4.050207348849515360e-02 -6.328754680894553217e-03 -5.746519903547572805e-02
5.053161501995866167e-02 1.280776090395129574e-01 -1.086740158312308330e-01 -4.722951222455933074e-02 1.868384804817564693e-01
-3.445234281462752207e-02 -4.110907920342063426e-02 -9.942879477930044452e-02 1.097435163324012551e-02 3.957818295038193629e-02
-1.811123272578251536e-02 -6.875127575279693648e-03 -1.059035802706514012e-01 -8.307867124945269438e-04 7.082665803772465740e-02
-3.257730485094555151e-02 -3.272524501517307116e-02 -1.077822445571995497e-01 7.575717623546866959e-03 5.261314209609375958e-02
7.846114186580532834e-02 1.360754445783338706e-01 -1.137240736960259818e-01 -5.213595610313705858e-02 2.138345025405578859e-01
-8.828574152667149899e-02 -1.672726958562748834e-01 -7.348716737902777352e-02 5.501816733278183658e-02 -6.746944431455746682e-02
9.410900333646776694e-03 4.164086185353885888e-02 -1.116932213916911193e-01 -1.768782226602062108e-02 1.204174619510971628e-01
-4.143805851478293834e-02 -5.344055142378377476e-02 -9.578476982615788393e-02 1.647058344306592814e-02 2.880581823489108267e-02
4.578360598899759715e-02 1.182517444568834397e-01 -1.018329416024076894e-01 -4.335281666718783511e-02 1.765402859580061101e-01
5.158394619737008413e-02 9.947479882242593607e-02 -1.128493112551498812e-01 -3.879700922553008802e-02 1.759817587146411400e-01
4.582991975393482798e-02 1.182459356644125492e-01 -9.902057030376473779e-02 -4.253003796129527919e-02 1.719451631821998783e-01
-9.427477366739570042e-02 -1.782536625640672445e-01 -7.866463360001334226e-02 4.931436544086348350e-02 -9.724045283520113547e-02
5.145032400616462998e-02 1.306247788508337060e-01 -1.086740158312308330e-01 -4.810050300039005883e-02 1.887306351080396405e-01
-7.823279431400696760e-02 -1.350667902504644469e-01 -9.413805053720340765e-02 4.620449879151757033e-02 -3.597756323561544789e-02
2.667628779059690036e-02 8.174079152732149911e-02 -1.113695125974068362e-01 -3.156666672224702624e-02 1.505607296312095056e-01
4.775081892443346077e-02 1.299895581930795296e-01 -1.149452229756391941e-01 -4.875153362818276243e-02 1.929589858978382200e-01
8.278465614958221974e-03 4.430838391042151575e-02 -1.025350819225959859e-01 -1.741342499612206357e-02 1.156090354575292495e-01
-1.156981851105686743e-01 -2.127564143370957728e-01 -9.925453295266709053e-02 7.194649629680001379e-02 -9.553379866224072370e-02
-8.269451221809911295e-03 1.428554688267483913e-02 -9.801800416762972146e-02 -7.185198432952807565e-03 8.232207894732614106e-02
5.218572307889719764e-02 1.586189262641472530e-01 5.050973057223718810e-01 2.378921878997315720e-02 -2.698687187797072506e-01
-1.047362873267166372e-01 -1.950683828360385286e-01 -1.055483968167983261e-01 6.316648097099308856e-02 -7.811162129663269671e-02
5.320781360192389231e-02 1.335205751230165439e-01 -1.098354874171125484e-01 -4.929610236444915972e-02 1.929230744322810165e-01
-8.866509264134272983e-02 -1.644448298199135128e-01 -8.944620699060887303e-02 5.308607191630395489e-02 -5.761761096269758797e-02
-1.156687286310165014e-01 -2.136731554876603600e-01 -1.125690350693837744e-01 6.953231668682877120e-02 -8.690973567357478113e-02
2.309420982816750428e-02 8.149709596145041091e-02 -1.106482724218934011e-01 -3.243770392228424032e-02 1.482133554928369290e-01
3.948117781538061644e-02 1.109020117284284235e-01 -1.093181033907927591e-01 -4.130075475368172322e-02 1.721299752909558056e-01
8.084642233492159158e-04 3.531999801228117436e-02 -1.103612169680290300e-01 -1.574972537445543802e-02 1.077260491718109864e-01
3.250194839937099733e-02 1.019905997501760475e-01 -1.042411781705057522e-01 -3.751659592157402523e-02 1.624102430521339180e-01
-7.047663647799104480e-02 -1.142413950808838785e-01 -1.071197885294367241e-01 3.638308146151421341e-02 -1.294924041366148082e-02
-1.698697076643517281e-02 -7.967863049048146129e-02 -1.088504488756917021e-01 1.839373077474814808e-03 2.581593828815609976e-02
6.721741595575914108e-02 1.546942102220620341e-01 -1.142718648745816579e-01 -5.747161697205008940e-02 2.163555590304442056e-01
-5.592605336290749907e-02 -8.363660273455113259e-02 -9.250532850818220243e-02 2.654057384006482459e-02 3.780739691678376008e-03
-3.109448167082937489e-02 -3.453216046289378505e-02 -1.095568610203054849e-01 6.941392329825349546e-03 5.181669151811008067e-02
1.289691298330181840e-02 7.287015919454789548e-02 -1.149240107267743560e-01 -2.985437919023805481e-02 1.423211373170095162e-01
-9.676147377746008305e-02 -1.759519835590275805e-01 -9.988552945117630533e-02 5.996360575423720363e-02 -6.653862041204956779e-02
1.855434442817006924e-02 5.214636821359549396e-02 -1.076238543219099619e-01 -2.059531557472406987e-02 1.257875461782273496e-01
4.745049966744466219e-02 1.160514740776804332e-01 -1.139363062445370445e-01 -4.417144587054010890e-02 1.839642424232552642e-01
-1.757969882161005554e-02 -1.597576216640056446e-03 -1.096993004903729640e-01 -3.288981701345325415e-03 7.822160285329034235e-02
6.416552218401655461e-02 1.512952338439984556e-01 -1.146161620382121771e-01 -5.638895143452677533e-02 2.133595530460991596e-01
-6.125234692176419193e-02 -1.663875297511256679e-01 -1.122993772305925647e-01 1.887254320919880268e-02 -5.921551201156111111e-02
-8.268418562203092015e-02 -1.421005550584480692e-01 -9.638488259253613633e-02 4.855727730786338348e-02 -4.237024028107531926e-02
7.630735534618018900e-02 1.517610928867474951e-01 -1.146669998067629953e-01 -5.718067805413217658e-02 2.212479980886906394e-01
-1.078165804255659527e-01 -1.989014719513697849e-01 -1.127180453167213325e-01 6.385436855793236166e-02 -7.535752763248576569e-02
-9.007860000019757285e-02 -1.588516681791187213e-01 -1.095987539990418702e-01 5.128818063851035836e-02 -4.439854104258598999e-02
-8.571998371422581697e-02 -1.577044473077062470e-01 -7.240362559434464218e-02 5.451543444088693263e-02 -6.253125481541547959e-02
5.632750802838468185e-03 4.918374960593740325e-02 -1.105708694319182117e-01 -1.989829075503336125e-02 1.220791268078719877e-01
-4.291437005020087153e-03 2.183232304089464254e-02 -9.924615685491638972e-02 -1.052517934837647780e-02 9.135758180105676973e-02
8.198633596084599351e-02 1.331844556340375241e-01 -3.557280338970029293e-02 -4.116267798665050603e-02 1.299833894745285046e-01
-5.952352503559754648e-02 -1.190405880376619874e-01 -1.121162255944740116e-01 1.790707980267401342e-02 -3.406435013520578425e-02
9.621016633453667588e-03 4.405574953878651362e-02 -1.033399877268497274e-01 -1.670029025415459278e-02 1.132279988398595255e-01
1.921327553239728786e-02 6.604293776227221358e-02 -1.048866598121217658e-01 -2.456097002595510059e-02 1.319270563397129947e-01
4.837925648047577964e-02 6.552662483238286262e-02 -1.089636977732388184e-01 -5.706762203412577700e-02 1.335649787726360949e-01
4.861327553689083480e-02 1.216423942484893828e-01 -1.086740158312308330e-01 -4.505049723458651872e-02 1.823007607662319451e-01
2.461895181254145082e-02 8.668968165686555261e-02 -1.025923000444753930e-01 -3.214247753019496001e-02 1.481180162022750491e-01
3.277675765382631612e-02 5.514620824510076819e-02 -1.076416959452688032e-01 -4.596384118487412823e-02 1.269382662552416274e-01
2.627066578661171881e-02 8.100151691180179636e-02 -3.900224391339222885e-02 -2.127419299038862260e-02 1.060502410284026309e-01
-1.153812567267344796e-01 -2.115122675067319102e-01 -1.126743445382603209e-01 6.896984289633829868e-02 -8.505931239599108518e-02
8.219080168085048099e-02 1.668101072848392208e-01 -8.211521441284286293e-03 -4.159843320116583809e-02 1.311421504123593818e-01
6.856842957711213604e-02 1.588455737824233382e-01 -1.129883046335055652e-01 -5.868329443570308862e-02 2.175140584391698773e-01
6.344013487631462722e-02 1.184945681246514226e-01 -1.068654413024819616e-01 -4.470915566030569943e-02 1.891640420026231839e-01
6.500992435499639011e-02 1.413960889532972776e-01 -1.144345624095419595e-01 -5.304166690793273714e-02 2.082516228258387003e-01
5.122457413189222819e-02 1.088574072925238001e-01 -7.800942381509694268e-02 -3.671854583440738173e-02 1.564184155978968760e-01
1.671859690744737503e-01 1.355661655297049906e-01 -5.017061869215305031e-02 -1.040633941735112818e-02 -7.104896209493745396e-02
3.241119257353282379e-02 1.107112845765681475e-01 -9.532267733158751588e-02 -3.902390848098588605e-02 1.611290722694725674e-01
5.061178442212903306e-02 1.242307847837080259e-01 -1.135362343154155129e-01 -4.678998429093787770e-02 1.900488395036195599e-01
3.409136147364094649e-02 9.179600904464191302e-02 -1.084602378340887574e-01 -3.464916730519159577e-02 1.577694604221901720e-01
-5.413783075425036145e-02 -3.992145463624972163e-02 2.114189726480291409e-01 5.766540347669675548e-02 -1.663406220909604827e-01
-5.833939174312728626e-02 -9.566753403192368443e-02 -8.856738120318982666e-02 2.598723422286997042e-02 -1.666921196036498173e-02
-4.273419096064082212e-02 -5.599521821989800197e-02 -9.909815016019320189e-02 1.614498589355586877e-02 3.178190213349917081e-02
-1.499887785888590064e-02 -1.333276741569887347e-02 -7.882356136012286241e-02 -6.169815689268500283e-03 4.667386689762038909e-02
4.266570953316665971e-02 1.191758504021632192e-01 -1.106311495563730429e-01 -4.441486521291147099e-02 1.788853158494631279e-01
4.788344911061505338e-02 1.296169713710221272e-01 -1.095738843578035054e-01 -4.785770110349654716e-02 1.866966866328066965e-01
1.129059021633543880e-02 5.348938966698372349e-02 -1.123044606314546057e-01 -2.298560448229398923e-02 1.296991393895871869e-01
-1.090413551101700185e-01 -2.212896076426630054e-01 -1.117710094678221328e-01 6.249756893116066581e-02 -9.436063505945339880e-02
-5.588310306838408653e-02 -8.725341616504408981e-02 -1.043323824314056486e-01 2.765462289359546522e-02 6.312708761303395533e-03
-9.207675350289085126e-02 -1.599929815195360039e-01 -5.270597967988445431e-02 6.039845067948639706e-02 -8.323791342461632492e-02
-3.920714583497558053e-03 1.623247522922883351e-02 -1.089398593721588870e-01 -8.504781767058390216e-03 9.736639544625624865e-02
-1.109709318616612095e-01 -2.077070710350620297e-01 -8.194941564376531651e-02 7.251118994607128054e-02 -1.023936508334993833e-01
-1.040081305438159409e-01 -1.865317213655621753e-01 -1.115761174472200690e-01 6.051949770617248009e-02 -6.538714065959938537e-02
-6.864435205756243968e-03 3.680090814593708209e-02 -1.039367984934631561e-01 -1.456847694983088616e-02 1.052525249343482655e-01
-4.054206126516757269e-02 -5.060171872907341661e-02 -5.192306689375771750e-02 2.221692613213997053e-02 3.053987554014155059e-03
-4.132459011708954078e-02 -7.915562654998456460e-02 -1.044412666904661197e-01 2.068719287116482786e-02 2.343222439808851504e-02
-5.024756778496827780e-03 3.772233928684712995e-02 -1.103768932731115926e-01 -1.713482372567322332e-02 1.075293368918926323e-01
-9.115184576152499107e-02 -1.551969853031112401e-01 -9.789527508930484512e-02 5.450014507081399340e-02 -5.901573022672537694e-02
-9.382967463736190811e-03 1.666765233106818483e-02 -1.086400398256888306e-01 -1.012251430647249061e-02 9.116437419554596078e-02
5.346021054733951505e-02 1.358312774483278196e-01 -1.103443948362206467e-01 -5.020937470162237237e-02 1.944611143425327704e-01
-1.469550454597269226e-02 6.353889934958022179e-03 -1.001077373378564672e-01 -6.874120103413419378e-03 7.002976861127831187e-02
-1.781865897690427386e-02 1.450919896390026609e-04 -9.698599556239183295e-02 -1.553985493173619045e-03 7.423728655588202052e-02
1.248293984073346047e-02 3.897907292007114083e-02 -1.006389461194300838e-01 -1.612459372291357579e-02 1.128142374036887469e-01
1.442790862986558648e-02 3.395374231586204689e-02 -1.086512827228047345e-01 -1.529390500364149856e-02 1.135437719364194853e-01
-3.384401173491928538e-02 3.256595538984696087e-02 3.974316257739060054e-01 5.619717133142432958e-02 -2.228858349186999266e-01
4.017865074730231356e-02 1.084218143369524157e-01 -1.068508380928333001e-01 -4.026008081030976044e-02 1.700119001152335663e-01
-1.076206846055484112e-01 -1.969645636239654440e-01 -1.096848153349014587e-01 6.431055984648637036e-02 -7.431359851265104122e-02
-9.913796141728818678e-02 -1.789490599586940900e-01 -1.103399518725328432e-01 5.841415704002820425e-02 -6.102080673155960144e-02
-1.201394450719043827e-01 -2.236995307048821047e-01 -1.123388815242258865e-01 7.330523119878729066e-02 -9.478266447225613955e-02
-8.341155036497305275e-02 -1.469287979989897241e-01 -1.032523226721646092e-01 4.789932289972136104e-02 -4.214347707436569279e-02
5.137054333744517365e-02 1.183366366238353395e-01 -1.107008098025979159e-01 -4.444568630339574417e-02 1.847685667584710867e-01
-1.414777807809483243e-02 -9.513025171326891516e-03 -1.076223633840977384e-01 -9.120486438956592126e-03 5.926413308189873441e-02
-8.910644403181419704e-02 -1.502354029753248388e-01 -8.676505502979794948e-02 5.209242893745352071e-02 -5.914577182633608265e-02
-8.300745904597536806e-02 -1.370511484914085920e-01 -1.064172135697944166e-01 4.431160782481772392e-02 -3.092754199865424200e-02
-6.261577693271420941e-02 -9.963910413446855352e-02 -1.092426328071810643e-01 3.026641541550158937e-02 2.275736737180098640e-03
-7.379327806435360959e-03 1.356118889128515165e-02 -1.068209886882525717e-01 -7.548064589108826120e-03 8.870512278460009059e-02
-8.976318763500065745e-03 1.204615264130132896e-02 -1.101944998745490040e-01 -7.904753772208785237e-03 9.378115258823190026e-02
-8.447854636665949601e-02 -2.142195417877299779e-01 -1.055548592316943313e-01 4.073168415035060413e-02 -1.077555394900061303e-01
-8.967086582693448160e-02 -2.003871850200812099e-01 -8.571664236014020499e-02 3.650592471275636991e-02 -1.334652212810917005e-01
6.460275166469346686e-02 1.373816697278225363e-01 -9.168075389165003530e-04 -3.010607825297510753e-02 9.996164913467443791e-02
-6.907428192882922313e-02 -1.167796104894266163e-01 -8.310211748412511812e-02 4.069005979902623471e-02 -2.916909695800428207e-02
4.935371321443950132e-02 1.244533025099889278e-01 -1.096347276917708918e-01 -4.616268855106334112e-02 1.850721775562281790e-01
-4.173379149385946646e-02 -5.233001083079406174e-02 -9.492096360480135886e-02 1.717769135562702623e-02 2.850591907981974218e-02
-6.156431962950174863e-02 -1.205468368546687430e-01 -1.101168053680993408e-01 2.764074272149359690e-02 -1.732837240697011547e-02
-1.227358592822848093e-01 -2.292643004434046228e-01 -9.095758839050513411e-02 7.813068233879193192e-02 -1.120914590371934749e-01
-9.848314966712076735e-02 -1.850298048309070575e-01 -1.021749489942939126e-01 5.003155036557115770e-02 -6.985228490176736971e-02
5.064171593518014547e-02 1.014423390601717212e-01 -7.853891649794148000e-02 -3.264253921458051128e-02 1.477332012070386447e-01
1.056310413875325566e-01 1.675924567034772772e-01 2.536743485600632120e-01 -9.285321022179127484e-03 -7.862004547033722701e-03
-1.003887748656340645e-01 -1.783947988454143985e-01 -9.964291422878240878e-02 5.984315588463390290e-02 -6.821629400096050622e-02
5.578246118682127219e-02 1.237371974958425547e-01 -1.053658703769333738e-01 -4.584858818737118369e-02 1.866507477169707940e-01
-1.074893893325692962e-01 -2.016892959541452535e-01 -8.926328134167532680e-02 6.867893243513617518e-02 -8.942810476044887880e-02
4.394383242111382648e-02 1.120861148777405614e-01 -1.086341458482713712e-01 -4.166835386808299263e-02 1.738306550273192030e-01
-1.093409609468413424e-01 -2.062833824896067869e-01 -9.929276842969778083e-02 6.525859255673127635e-02 -9.494185841104396673e-02
-1.730946124598596592e-02 -9.992493843515443119e-03 -1.029547109235534885e-01 2.101977418188823513e-03 6.941079108426952138e-02
-5.705809323446495163e-02 -8.425480372091320724e-02 -1.122603528412477458e-01 2.342627907069328580e-02 1.600065904430584413e-02
-1.016698680458305165e-01 -1.831814559712139356e-01 -1.080577627910422334e-01 6.028730315896575764e-02 -6.686555210658014226e-02
-7.354595742980012812e-03 9.316787879438244435e-03 -1.060990000888123036e-01 -4.984964257998830348e-03 8.746206352716527632e-02
-8.571721740792791200e-02 -1.477388235463606980e-01 -1.080674674154226966e-01 4.818049438212685526e-02 -3.860680350879941436e-02
-1.147511394485328656e-01 -2.110075432886540092e-01 -6.164105341764983259e-02 7.207654514352784814e-02 -1.230476555356174728e-01
7.963226718529343995e-03 5.747591180895288837e-02 -9.748680727508213240e-02 -2.490737315264613533e-02 1.123024805065859361e-01
-1.153304494728783214e-01 -2.113552356183254766e-01 -9.059706903415774837e-02 7.242375522113410347e-02 -9.913625778380728837e-02
2.838781378419377721e-03 3.847216430190929931e-02 -1.047111359890050553e-01 -1.501439886648167112e-02 1.095430009173784247e-01
2.497208066704681428e-02 7.870093468462502351e-02 -1.101682677216588024e-01 -3.022001075491467098e-02 1.476172389425150222e-01
-6.103796622683259343e-02 -9.075580982346034831e-02 -1.037912595439297314e-01 2.987071763077935038e-02 4.369344777806507402e-03
-6.311849817673673146e-02 -1.081553663912193375e-01 -7.121361737258696811e-02 3.940632179720614248e-02 -3.824639515538712231e-02
-1.061196930701929220e-01 -1.871161051147902654e-01 -5.531335735409573240e-02 6.864542130345120674e-02 -1.031375459957891844e-01
5.162598952595807977e-02 8.726707246913120719e-02 -2.192338710915441025e-02 -9.294921537016923030e-02 1.635643042486796261e-01
-7.479490421179248172e-02 -1.476358083971305857e-01 -1.104639007583105292e-01 3.645418398646656927e-02 -3.673105445947391634e-02
-6.871421266751487344e-02 -1.202797976921213818e-01 -8.784143547370480698e-02 4.120609132386578166e-02 -2.517820989494815379e-02
-5.782904525020234054e-02 -9.120647146947780115e-02 -1.043667445427052948e-01 2.883295173353114110e-02 4.213570260638585183e-03
-6.899801686441187076e-02 -1.167494511269591695e-01 -8.547888418427763979e-02 4.126004286544898009e-02 -2.840437207820717055e-02
-6.503136525583839977e-02 -1.807574677271830688e-01 -7.473910448275083995e-02 2.116798464747061959e-02 -1.054446609987202688e-01
-8.123282716456552144e-02 -1.508052292390921478e-01 -8.425493866018571310e-02 5.373408336797598495e-02 -6.058773125265749793e-02
4.135946117926267429e-02 1.223525943851500319e-01 -1.052055508932297490e-01 -4.456335154936031523e-02 1.788723335508246859e-01
-9.677531608411218955e-02 -1.738675685150653794e-01 -1.001254121435942307e-01 5.746006832125717667e-02 -6.369138984188944808e-02
-9.291480437035157247e-02 -1.713194611484562813e-01 -9.549699133873931767e-02 5.760552004713511559e-02 -7.226725913007747693e-02
-1.050010952751869869e-01 -1.963032755589709522e-01 -1.120274383431732607e-01 5.942110946659603932e-02 -7.798556503362323589e-02
-9.418085444470740419e-02 -1.914903225876365134e-01 -1.018042049936027649e-01 5.372899861247777686e-02 -7.882549288263741849e-02
-1.025339656402282640e-01 -2.048204334000440219e-01 -1.107101692995169362e-01 5.716481009297592897e-02 -8.297560831518248359e-02
-1.052302871981124904e-01 -1.904641544626898553e-01 -1.121176639575010292e-01 6.186041461720303419e-02 -6.826726720636877577e-02
-8.388982851731835444e-02 -1.476824921124780254e-01 -1.003168524025005309e-01 4.918440595549013195e-02 -4.381565742009176090e-02
-4.387420889602455104e-02 -6.516430460540266478e-02 -1.051191285014489718e-01 1.965285647311550143e-02 2.475606274854456196e-02
-1.239792692760438714e-01 -2.309538353378708386e-01 -1.040962288615786546e-01 7.749894061793971556e-02 -1.056834620188355223e-01
-4.698049173465818074e-02 -6.956280863472344422e-02 -1.085077271724365910e-01 2.373634194304437978e-02 1.895949699534364707e-02
-8.975185331339199934e-02 -1.572678104036410729e-01 -1.132952935611080819e-01 4.943741165875391308e-02 -4.123933363963007415e-02
-2.490817072691799139e-02 -2.837383102334795418e-02 -8.219845310586611220e-02 1.049580515917460273e-02 4.300624038380314318e-02
-8.296537724198130292e-02 -1.440362436837339666e-01 -1.077324135691078988e-01 4.648380671563283328e-02 -3.450763728544610498e-02
-4.236457873890867726e-02 -6.613186994917751027e-02 -7.668419165628621859e-02 2.363800888014542384e-02 1.178883634912669676e-02
-1.254703992577897165e-01 -2.345689147029501875e-01 -1.080962288615786582e-01 7.819774021857513191e-02 -1.060013695090955416e-01
4.107744726152964820e-02 1.052406751546175467e-01 -9.703067591977315720e-02 -3.824364454587234063e-02 1.644557330745997914e-01
-9.039450560666184575e-02 -1.597769438310423507e-01 -1.090397349250607634e-01 5.198866609340944273e-02 -4.542819940391762401e-02
-1.153560235614637802e-01 -2.156275460939144351e-01 -1.105980293048376140e-01 6.952422589886604609e-02 -9.078951944965715781e-02
-6.466587062512692274e-02 -1.560279464638795743e-01 -1.136900946780918797e-01 1.569735220769373843e-02 -5.945579179856684549e-02
-1.105805261714026960e-01 -2.303095259187385446e-01 -1.087487112292392921e-01 6.191284335486758883e-02 -1.090175628469601532e-01
1.844282929368638579e-01 6.329983402777636381e-02 -1.139616819490121835e-01 -2.793292132726332699e-01 -1.866875426064578680e-01
-9.724623261228831916e-02 -1.827801949672960558e-01 -9.927927726703225653e-02 6.239591727868343957e-02 -7.946628580663744890e-02
-9.230137107435701371e-02 -1.652876979753913345e-01 -1.094431557071215838e-01 5.274361494138736506e-02 -5.167378039559346325e-02
-5.877894783963247272e-02 -1.359080546011155743e-01 -1.074040998209002673e-01 2.264119410400641103e-02 -3.209428706079624216e-02
4.883317511379811626e-01 -2.277984845905055289e-01 -1.138684237855085712e-01 -5.587753031096499567e-01 -1.916400478531097573e-01
6.095011996663672604e-02 4.905300366761120717e-02 -6.236183578670396327e-02 -2.479110129498198617e-02 1.091867442519088155e-01
-1.213918315816174265e-01 -2.263503965057479250e-01 -1.122055481908925539e-01 7.424543174749188845e-02 -9.701281213134629877e-02
3.423749933856719274e-02 1.045377987266662145e-01 -1.109885095023395718e-01 -3.930166661152389995e-02 1.689150944974728286e-01
-7.304269660904716410e-02 -1.292751953201645709e-01 -2.967639226465238617e-02 4.745792240252161287e-02 -7.448559102224722173e-02
-1.112680179938324437e-01 -2.041168248501240290e-01 -1.059757370650847019e-01 6.758520663540389106e-02 -8.367926491853004689e-02
-1.095677148952511615e-01 -1.982650550468685047e-01 -9.733970730226594592e-02 6.753277606151901480e-02 -8.389163323621906532e-02
-6.889338618227205946e-02 -1.125020756030222502e-01 -8.003085128031933726e-02 4.117886123335220278e-02 -2.950568350384389846e-02
-7.460516727939497938e-02 -1.269885616573135090e-01 -8.694757973280123342e-02 4.137230684740249992e-02 -3.484598858463196225e-02
-1.312853823989430513e-01 -2.471981731031932250e-01 -1.081462388614622128e-01 8.238100257230933365e-02 -1.161032843529671288e-01
-1.308997029121266031e-01 -2.460576421863476526e-01 -1.106944750846984432e-01 8.164545275702991822e-02 -1.136977557851153453e-01
-1.224347835159610154e-01 -2.308182040556586989e-01 -1.004739941399254710e-01 7.777766138667065177e-02 -1.067443721158639891e-01
-8.336467571474853733e-02 -1.467290473444327337e-01 -1.117201052288241403e-01 4.775042320752551778e-02 -3.330655422076968242e-02
-1.186211101063900514e-02 2.179324126307880666e-02 -9.831835859120616194e-02 -1.378971164784670821e-02 8.412726030319846171e-02
-5.571856997855231114e-02 -8.429200069472674028e-02 -1.103837310255342263e-01 2.655640234217860468e-02 1.436276214129769691e-02
2.252919997646751077e-02 1.119814877046828444e-02 3.370466622585893690e-01 4.783045148645555938e-02 -1.567535010337442747e-01
-1.309592696823120295e-01 -2.465675424725626008e-01 -1.078759685911919453e-01 8.219680629898622193e-02 -1.157413072265326137e-01
-1.320226747053162009e-01 -2.488310599078666085e-01 -1.106944750846984432e-01 8.260035472813419266e-02 -1.158318936519319720e-01
-5.960548370458984557e-02 -1.003235774004592323e-01 -9.074398072095554713e-02 3.318197483303427647e-02 -8.030358294247912088e-03
-1.318503626506376258e-01 -2.483642529331649418e-01 -1.107051588453822066e-01 8.238523573476259909e-02 -1.155681810374879215e-01
-1.283765570719175853e-01 -2.396667572641245081e-01 -1.107051588453822066e-01 7.945690316452894142e-02 -1.087969087052713668e-01
-6.268515136526016385e-02 -9.735500206167051196e-02 -9.143105687619711153e-02 3.354759335670468717e-02 -7.403840729444416402e-03
-1.534898701792226580e-02 1.477580731031662847e-02 1.559089095256026847e-01 2.822842365081387750e-02 -7.323923056612055560e-02
-8.984671714037345547e-02 -1.805320865951949572e-01 -1.017844354619293346e-01 4.960227167244846136e-02 -6.897695580376975166e-02
-1.010581115562378118e-01 -1.848611214819107229e-01 -9.863241372499598203e-02 6.166508461287528026e-02 -7.283996239768301961e-02
-8.917337390361844418e-02 -1.790442183525441655e-01 -1.106668420668618230e-01 4.821199079280077959e-02 -6.246762220678721278e-02
-1.096194840479568222e-01 -2.033857568291313478e-01 -1.022110571401903117e-01 6.737425944607622341e-02 -8.447438586253368242e-02
-1.584769427052615254e-02 -1.348622227412049623e-02 -1.104440585174286532e-01 1.389641855680740293e-03 7.515403936778401739e-02
-2.593032493108998748e-02 -1.080104889815442643e-02 -1.002318305031867363e-01 -2.153146122846534907e-03 6.338522730379585191e-02
-1.213918315816174265e-01 -2.263503965057479250e-01 -1.122055481908925539e-01 7.424543174749188845e-02 -9.701281213134629877e-02
-1.133264599757062008e-01 -2.108617032170186090e-01 -9.917663540128972277e-02 6.845392761501233048e-02 -8.961887222083128601e-02
-1.317020031997157559e-01 -2.483542843847214576e-01 -1.106944750846984432e-01 8.242957141886977923e-02 -1.153875667333403021e-01
-1.107067428094782868e-01 -2.246191727123200699e-01 -1.066214578703072458e-01 6.477041242759029593e-02 -1.005686104001060621e-01
-1.247749674733741737e-01 -2.387059537136670961e-01 -1.095778226285654133e-01 7.483996929458530678e-02 -1.140167013123599693e-01
8.472857216155448012e-03 4.581122685449640769e-02 -8.451454420318994798e-02 -1.464836671252422833e-02 1.032409416590785861e-01
-8.512930871249556330e-02 -1.467148595437630099e-01 -8.861479760363917546e-02 5.089181303430410919e-02 -4.755707857009507100e-02
-8.697939620782507014e-03 -5.510394838737393830e-03 -7.631054541009585357e-02 1.764614921715949511e-03 5.640539686695508759e-02
6.262720314824972434e-02 1.026654757209758129e-01 2.442998250422093454e-01 8.171315127109758658e-03 -3.472122566442138736e-02
3.981360591607704946e-02 9.839887406792646729e-02 -1.128697698488516088e-01 -3.773404289615413243e-02 1.691215941263093936e-01
5.983190862853614289e-02 1.332990035279425778e-01 -1.082847600016227513e-01 -4.913095136230797438e-02 1.943334967361839416e-01
-1.118866463296320918e-01 -2.128238915184072766e-01 -8.926556325411391657e-02 7.005813569126805029e-02 -1.137979787286950706e-01
-1.091358551917634423e-01 -2.212875889575185440e-01 -1.127887936160410637e-01 6.216624020798731942e-02 -9.411169755760792621e-02
-7.049260615510632988e-02 -1.618761936042839855e-01 -1.069173016961160877e-01 3.040035787242532928e-02 -4.990786862973625726e-02
-2.111949042254674877e-02 -3.026025862096546129e-02 -1.103048874610119551e-01 3.449080388613396872e-03 5.454441028511831935e-02
-9.580750755991883361e-02 -1.685848817255371779e-01 -1.075359049124904459e-01 5.508665907356955632e-02 -5.481080456999248840e-02
-8.203962074402373905e-02 -1.446186925582871319e-01 -6.154779301043748763e-02 5.172489621104035817e-02 -6.010292405462422383e-02
-7.771105317696030967e-02 -1.355250182794638658e-01 -1.045035607419875640e-01 4.377797199235534259e-02 -2.961555480111329255e-02
-1.317528326586122622e-01 -2.481813838907200309e-01 -1.105662699564933099e-01 8.242647852225033767e-02 -1.154307348804006761e-01
-1.212267959099811165e-01 -2.254667061613367662e-01 -1.118609583666225205e-01 7.403734387046578824e-02 -9.669060832398819472e-02
-1.199418273301632448e-01 -2.234134793373625250e-01 -1.126876083248514182e-01 7.294973209255295465e-02 -9.474754024607873193e-02
-4.488060820830189201e-02 -1.785596794773844642e-01 -1.092426738445610723e-01 1.827850137588694565e-03 -9.473694025853067469e-02
-1.318503626506376258e-01 -2.483642529331649418e-01 -1.107051588453822066e-01 8.238523573476259909e-02 -1.155681810374879215e-01
-1.227340314074597399e-01 -2.322096174367261900e-01 -1.098193364506286906e-01 7.697094076463491252e-02 -1.022824026474402764e-01
-3.583116683868525776e-02 -4.233591352781543998e-02 -9.567264550773989240e-02 1.237268624957085783e-02 3.764591101383869820e-02
-1.226952644238105544e-01 -2.357893396622670334e-01 -1.101900899349492480e-01 7.385538032258102958e-02 -1.109927448119867599e-01
-1.098529347562910846e-01 -2.115501981485300720e-01 -5.579019670797852326e-02 7.448648120822788654e-02 -1.142984209278861407e-01
-1.195116616043755686e-01 -2.264125477109459328e-01 -7.879554638213467910e-02 7.923081646647445186e-02 -1.158376927071209095e-01
-6.589516687194828248e-02 -1.315404091219336546e-01 -3.714170680314265310e-02 3.544357930852045507e-02 -6.330168394606061621e-02
-8.942576265206306219e-02 -2.008129683381880970e-01 -1.077918858649132700e-01 4.602873384849891919e-02 -8.223566480696027636e-02
-7.397951877623210049e-02 -1.251903096235978952e-01 -1.001530658695449078e-01 4.098318348438954178e-02 -2.442762755420219492e-02
-5.442421510104452492e-02 -9.030470964665571199e-02 -1.000171922755231646e-01 2.576782023822531825e-02 -2.252708650975758509e-03
-1.093350855745843370e-01 -1.989170715850298032e-01 -1.141345790971377283e-01 6.544197747551586120e-02 -7.368746946543451581e-02
9.150785805698641306e-03 3.921558127772913765e-02 -1.034450911101997550e-01 -1.578241846679023785e-02 1.116325053686792468e-01
-1.279613273373660931e-01 -2.383766263497723581e-01 -9.806556325411391883e-02 8.075198337071196053e-02 -1.158916491572769825e-01
-8.594175684533343629e-02 -1.505406096078312217e-01 -1.086419192856278026e-01 4.878947116790317146e-02 -4.120037489191348545e-02
-7.117670833777328676e-02 -1.271294311669166066e-01 -1.083794746524480851e-01 4.145076751236086154e-02 -2.080053496327447307e-02
-1.024387727314559349e-01 -1.870962393968262638e-01 -1.067107196808076280e-01 6.207957838431534675e-02 -7.078735210584816140e-02
-1.185138111911201858e-01 -2.200490921586250592e-01 -1.122359851827624683e-01 7.205497392494650266e-02 -9.194516410875611112e-02
-8.629670275641800059e-02 -1.536190375342669223e-01 -1.107681160927097702e-01 5.031710328770437612e-02 -3.944439863688407877e-02
-7.581531545942188366e-02 -1.409790054824500427e-01 -1.007981966043375033e-01 4.684700140672958674e-02 -3.215413999367039422e-02
-9.178343651245385315e-02 -1.616380863648681776e-01 -9.173902668309175112e-02 5.539361407651372665e-02 -5.913164911529944501e-02
-4.883926612840236436e-02 -7.330889446116425900e-02 -1.033140215932894929e-01 2.340464157139279799e-02 2.015724009040398973e-02
-7.828420162260102400e-02 -1.326231257973984889e-01 -1.038775519190534569e-01 4.392370274253230844e-02 -2.904797709371173889e-02
-6.025212888257705512e-04 6.892853996238880454e-03 -6.608653815034065682e-02 -2.007570151613645437e-05 6.797626303197724928e-02
-7.293575426314824472e-02 -1.877276303690902648e-01 -9.205825711594459171e-02 3.399519105989450007e-02 -8.116374994995012582e-02
-7.807441253552793725e-02 -1.202731871388222490e-01 -3.078689431011134153e-02 4.952591212509848545e-02 -6.589938988806766373e-02
-7.546677504729348840e-02 -1.292440449741690534e-01 -8.722926118822277308e-02 4.470013417375063441e-02 -3.649329907111201199e-02
-9.511962309649346636e-02 -1.707384976188114911e-01 -1.096132002774892755e-01 5.526097754862745182e-02 -5.500585505459434921e-02
-6.966830086829642332e-02 -1.336679421202854878e-01 -7.508123514799386333e-02 4.757936984383819706e-02 -4.028772430892883782e-02
-7.230401348708359599e-02 -1.276204421305222603e-01 -8.849546671355196237e-02 4.433503143649571154e-02 -3.162415948824834344e-02
-1.144398648165363686e-01 -2.081310060389729988e-01 -9.406759162944929031e-02 6.962534388512303662e-02 -9.397071862571426681e-02
4.113547652448562575e-02 1.063267646867679661e-01 -9.974863244109705152e-02 -3.888099020826276536e-02 1.651628360759868630e-01
-7.521292505708448983e-02 -1.255826199772431540e-01 -8.576257191568395499e-02 4.366232531759457747e-02 -3.547801804186430374e-02
-7.083102784024714049e-02 -1.195051679614190510e-01 -6.583231583269232023e-02 4.214439600263859137e-02 -5.394402824609685621e-02
2.079003934764122041e-01 5.456896167526833347e-02 -9.197412715713403075e-02 -1.329471854507963298e-02 -2.202455762113166016e-01
-8.095224117791660623e-02 -1.786624836473203193e-01 -8.105391504235213984e-02 4.151854733400276581e-02 -1.121754738261380169e-01
5.053161501995866167e-02 1.280776090395129574e-01 -1.086740158312308330e-01 -4.722951222455933074e-02 1.868384804817564693e-01
-4.647032497956467278e-02 -1.340060447199331040e-01 -9.762085611591851675e-02 4.640383343933035358e-03 -8.907749138175731496e-02
-4.819808574529177436e-02 -6.560538251923439534e-02 -8.724793020757518058e-02 2.191251026747648850e-02 1.360995766710131061e-02
2.084950746416601719e-01 7.481874523213330463e-02 -1.039639163057395482e-01 -2.889763148584700847e-01 -2.160730091139399234e-01
-5.683211776172478191e-02 -5.503819801531105449e-02 1.965472694933465825e-01 5.863407922361624919e-02 -1.602760077202458056e-01
4.582991975393482798e-02 1.182459356644125492e-01 -9.902057030376473779e-02 -4.253003796129527919e-02 1.719451631821998783e-01
4.074805573436690587e-02 1.036945070337244035e-01 -1.102599058217387379e-01 -3.870351693344699362e-02 1.665565369602524104e-01
6.854368708070804339e-02 1.552470364766476152e-01 -1.132785582855424106e-01 -5.762898212503250045e-02 2.153861936187680404e-01
-5.659119206071566710e-02 -2.850140916391567802e-02 3.367763206629331707e-01 6.441376228219553024e-02 -2.387135572140579587e-01
-3.668946593047905935e-02 -8.808052799787773057e-02 -5.788244867265067428e-02 2.337373721631141182e-02 -9.276710174318281155e-02
2.114526105205347811e-02 -1.003305331092488872e-01 -8.748459742848538334e-02 1.363821128226424921e-02 -1.391945138315390240e-01
-8.653759213538303463e-02 -1.612812637459964948e-01 -1.043189009784821208e-01 5.456885811232019268e-02 -5.558284589546268195e-02
-9.963112616414514233e-02 -2.020540432314035240e-01 -9.615580052364076924e-02 5.828470445476179040e-02 -8.853800299698809384e-02
7.815616557316844293e-02 1.532659626650787199e-01 -1.144510178700169495e-01 -5.761614717312996820e-02 2.216680021715450311e-01
-1.221005455698512682e-01 -2.271266768690398674e-01 -1.005308096081331537e-01 7.621551081028681007e-02 -1.053431402281088392e-01
2.019163910570896669e-02 7.122328939760413924e-02 -1.017815301803644962e-01 -2.676138513163670712e-02 1.356160017437376131e-01
3.728175504735722900e-02 1.090561981521610546e-01 -1.124486635877196689e-01 -4.096494893147967220e-02 1.728865401489730058e-01
4.202539228436201479e-02 1.101421831872675117e-01 -1.113006325740739377e-01 -4.157817045440966724e-02 1.754094364038151499e-01
3.693370318740163416e-02 7.486338685631468981e-02 -6.527160304575882477e-02 -5.989743230135945867e-02 8.495778938547167425e-02
4.394383242111382648e-02 1.120861148777405614e-01 -1.086341458482713712e-01 -4.166835386808299263e-02 1.738306550273192030e-01
-2.781849731760908245e-03 1.732233144491906324e-02 -9.224168860949347182e-02 -5.939440487277189776e-03 8.530628565204548264e-02
-8.168082166581473735e-02 -1.401534914253828035e-01 -1.110597835698120539e-01 4.454328206101088733e-02 -3.006759614076228923e-02
-1.193836229376016023e-01 -2.192901485146771801e-01 -9.876323252544995379e-02 7.406147939784578360e-02 -1.003626624759514918e-01
6.147383748729161324e-03 -1.120735824454358043e-02 -3.801337714908654963e-02 9.288875033959274885e-03 4.578063433778982450e-02
5.145032400616462998e-02 1.306247788508337060e-01 -1.086740158312308330e-01 -4.810050300039005883e-02 1.887306351080396405e-01
3.815094996713057351e-02 1.077115714093985210e-01 -1.110888907042769103e-01 -4.023832371056626500e-02 1.711490386184121582e-01
-3.645960104772821841e-02 -4.417620373515467741e-02 -1.072338048389795684e-01 1.290121950668980319e-02 4.076237157421866431e-02
6.316030609921623185e-02 1.288802434134160568e-01 -9.813777973959723899e-02 -4.512877658343464327e-02 1.830996023303555764e-01
-1.723151405347991133e-02 1.425612451605971082e-02 -7.031011667407505161e-02 -1.557543425353287089e-03 6.438697532557784153e-02
-1.140443178391240542e-01 -2.317780513941655740e-01 -1.098853449278858752e-01 6.647788081117672609e-02 -1.044344751862422843e-01
3.409136147364094649e-02 9.179600904464191302e-02 -1.084602378340887574e-01 -3.464916730519159577e-02 1.577694604221901720e-01
5.790279525719818632e-02 1.378223979487536721e-01 -1.135937887000481594e-01 -5.141146397166127674e-02 2.010354284817816306e-01
4.883573452857259412e-02 1.280988431976869957e-01 -1.113734314891929866e-01 -4.768802513127730347e-02 1.887825055978640809e-01
-4.521034343947458178e-02 -7.104101949311904252e-02 -1.075119199834147776e-01 2.195197883795394975e-02 2.623935324548917758e-02
4.922284752314391720e-02 1.124784134050235695e-01 -9.376464087800218117e-02 -4.978114899329876691e-02 1.637830491555372914e-01
-2.194313554427968632e-03 3.373336817991589437e-02 -1.057733955360335709e-01 -1.643345711004567944e-02 1.070160202534351929e-01
-7.887295762097885909e-02 -1.633198818905595429e-01 -9.491306088355210002e-02 4.142457810156243564e-02 -6.181693156935298694e-02
1.797216576628562351e-02 5.646415047187492570e-02 -1.073152318759497542e-01 -2.219457835847419430e-02 1.287148722050054650e-01
1.821779974327437657e-01 7.540280541937519065e-02 -9.722609010028823717e-02 -2.677360912629839218e-01 -1.659551349405059273e-01
-9.447306193587422241e-02 -1.731323035393194376e-01 -1.092398291176564507e-01 5.519517227535699483e-02 -5.484252972303718665e-02
-5.345071843953437540e-02 -7.441020772450387954e-02 -1.079914139747967933e-01 2.321752990264281877e-02 2.064232936639992869e-02
-6.544570236405672370e-02 -1.201846054348647552e-01 -1.065020471754216380e-01 2.906129042495263215e-02 -2.834069324980950308e-02
-4.366805215751860814e-02 -6.019819803608012637e-02 -1.108434746142151622e-01 1.700240738865113621e-02 3.231223613940058942e-02
-1.052660791704375098e-01 -1.968610346834623326e-01 -1.105834127511064330e-01 5.997651071295945213e-02 -7.993114908652816653e-02
6.458837281989109058e-02 5.359965044924442507e-02 -8.866033093172531743e-02 -6.206188715247087234e-02 -3.331909553193967283e-03
-9.841452355477750547e-02 -1.750970015619195685e-01 -3.491525829185847946e-02 6.071769926771748704e-02 -1.100344015101598488e-01
1.062880994128562878e-02 5.869775674583845720e-02 -1.112735003206065248e-01 -2.376808978327410449e-02 1.268652247479467587e-01
-1.680306911510372550e-02 -9.253730226755373101e-03 -1.059927833888456017e-01 1.895506175188363743e-03 7.055553675896865384e-02
-1.140926875122263429e-01 -2.116898302901213114e-01 -9.565103160004474747e-02 7.176013949398800384e-02 -9.530228211509900182e-02
-4.620493271592655826e-02 -6.894518543413513667e-02 -9.575652661212515071e-02 2.161553217137931332e-02 1.904158926306515065e-02
