-1.098716154615443780e-01 -1.991362145117523130e-01 -1.102094069611163629e-01 6.529977011895983507e-02 -7.693786908761460208e-02
1.839054960596434724e-02 5.085400136247924391e-02 -1.101044033437695302e-01 -2.131781541008530984e-02 1.289544487153612140e-01
-4.552425699914267737e-03 1.561809690485627816e-02 -9.873561485474738331e-02 -7.646913460612232358e-03 8.945858334397137346e-02
1.276297002056524937e-02 4.598683069332729773e-02 -9.570580131254310952e-02 -1.723994148526935416e-02 1.127551133174614639e-01
4.206053562809536350e-02 1.016158433176138631e-01 -1.121869208579070326e-01 -3.959781304315105471e-02 1.709294804380805388e-01
-8.747056332121212058e-03 -9.574406818207689684e-03 7.801576232585566428e-02 2.441957666005500210e-02 -3.359910631648814483e-02
5.500555749023866570e-02 1.950203135634189233e-01 -2.064999684178865647e-02 9.778752567989426256e-03 -4.483922244925953038e-02
2.727398452646012661e-02 8.058195292949732469e-02 -1.100973320122879962e-01 -3.107777097631757995e-02 1.492691851010017057e-01
-1.391680853873723464e-02 -2.702182510810932636e-03 -1.060339428483016710e-01 -2.796609116307670340e-03 7.748939450206927815e-02
-2.548083600642359406e-02 -2.139760827405250143e-02 -9.472281146480837632e-02 5.808193092529630348e-03 5.301598060581243221e-02
3.657140565446932723e-02 9.709189207921306575e-02 -1.078094357692534616e-01 -3.660160840640400842e-02 1.612110446487247384e-01
-1.388280665814092471e-02 2.788690165901046292e-03 -1.043480909124269579e-01 -4.132112986970136112e-03 8.094744066180926956e-02
8.326011357367217591e-02 1.390830480044924766e-01 -1.112019445047748023e-01 -5.206956354403809856e-02 2.113007691026514701e-01
-1.080690178293376574e-01 -2.022750011120327818e-01 -9.761833583084120192e-02 6.400632172738245085e-02 -9.159316061681897769e-02
-9.912718491760479089e-02 -1.783173650351431438e-01 -1.082981563729979724e-01 5.743827147243604769e-02 -6.249878414648077363e-02
6.567465997681390388e-03 3.776948443762114666e-02 -1.121840638724007078e-01 -1.530524924973012714e-02 1.121168268352507602e-01
-4.052772956178615077e-02 -5.434508758883145607e-02 -9.809489854153646826e-02 1.675501481950187818e-02 3.069235928655910176e-02
3.695997769308939640e-02 9.514849257486934775e-02 -1.011947712522938553e-01 -3.484321214896531071e-02 1.508692528172421443e-01
4.486523928256522242e-02 7.891026555583285917e-02 -1.121058861713238458e-01 -3.084400817032078440e-02 1.568142129206270552e-01
2.876661421499689120e-02 8.059358142897191102e-02 -1.056294155731017648e-01 -3.073881804001653284e-02 1.468274152028829493e-01
-1.051146966437824098e-01 -1.823672066898087973e-01 -9.766695970979823171e-02 6.167692177750416088e-02 -7.221792814227664947e-02
2.569714165592500849e-02 7.747755732510172577e-02 -1.100973320122879962e-01 -2.999466114461244587e-02 1.466899537715154467e-01
-1.018933639410261743e-01 -1.829410550543936753e-01 -8.640745275101331668e-02 6.376011403132425537e-02 -7.868047020085236487e-02
1.477694462204716397e-02 3.966215150249818161e-02 -1.107457612030627175e-01 -3.033604060001673236e-02 1.005911227701773436e-01
4.730592747615566807e-02 1.204792038157232736e-01 -1.139976781913899090e-01 -4.463052197981302871e-02 1.822523024457698426e-01
-7.939962876936940139e-02 -1.346752180040202140e-01 -1.022571766890345013e-01 4.427368855056033198e-02 -3.308904717637832504e-02
6.870614500927234303e-03 4.210145387177233883e-02 -1.111849119406811276e-01 -1.807488108531875998e-02 1.181002100272331296e-01
4.714642951842440421e-02 1.047313531853325541e-01 -9.864090991697496702e-02 -4.261948819129701693e-02 1.585464025897408979e-01
-9.017557886528979050e-02 -1.686487397747717110e-01 -1.091487525774842704e-01 5.564147922935955975e-02 -5.989168712155233665e-02
-1.042474773845107616e-03 2.330881640015427386e-02 -1.063548336552685714e-01 -1.140092417937415593e-02 9.676644712213167132e-02
2.733113316486503186e-02 1.286034252452111226e-01 4.814370249692014880e-01 4.389673853366479056e-02 -2.482885452184603881e-01
-8.518190888645751913e-02 -1.587330739428431947e-01 -1.047443001241633309e-01 4.576739987340213561e-02 -5.734053480381602619e-02
4.388152610180665048e-02 1.100743876478519068e-01 -1.106166377089181224e-01 -4.125697761842329891e-02 1.737872340277939187e-01
-6.958466740129135020e-02 -1.329104027271070521e-01 -8.375166042633715169e-02 4.712556036168283335e-02 -4.616337359993689937e-02
-8.177885963666569474e-03 -6.757260099302699052e-03 -9.993020721100639991e-02 4.532494277654144227e-04 6.767959447173958754e-02
-1.168938804221401756e-01 -2.152539640224106765e-01 -9.960025776179173840e-02 7.280466977694781405e-02 -9.535684967408343538e-02
2.954227114268030696e-02 8.919386789043556862e-02 -1.093002270834233514e-01 -3.421987792434097453e-02 1.550897190252152891e-01
1.091182011691374520e-02 5.109099227132498505e-02 -1.088945296283111985e-01 -2.090144557768437716e-02 1.219178525042561717e-01
2.150732175450838918e-02 7.940872340156218678e-02 -1.028778523588214783e-01 -2.987575268033834663e-02 1.392812209855701089e-01
-9.217890391918743404e-03 5.615323308078103148e-03 -1.001068065578408495e-01 -4.050954952541629614e-03 8.385304385579396558e-02
-4.428393958789200030e-03 -4.023760466284966031e-02 -1.113644681906518080e-01 -3.635343841082007074e-03 5.481345011803538669e-02
5.566529834299643875e-02 1.157309898728041408e-01 -1.123954119388321099e-01 -4.497713722560164884e-02 1.868124116772620635e-01
-4.347915980622230753e-02 -5.542147087041047332e-02 -1.061954180116174984e-01 1.589525184242886538e-02 3.571816018861399128e-02
2.568483678975300166e-02 1.001620174531304142e-01 -9.484467218119992105e-02 -4.249311522171116823e-02 1.449818605414072425e-01
-1.147497540912572611e-01 -2.108564415587063923e-01 -8.312479138346866303e-02 7.362356956960183774e-02 -1.025507761198565376e-01
-1.028350996814141743e-01 -2.050967903106457046e-01 -9.245092822989754711e-02 6.016733500620943809e-02 -9.427310137718707128e-02
-1.385642684703927360e-02 -8.904056716797087434e-03 -1.092103754283714062e-01 -1.134930719053576370e-04 7.840446799588587923e-02
3.221798754975477297e-02 8.824588484617043593e-02 -1.136829346206517793e-01 -3.858486304463348837e-02 1.615440811035098734e-01
2.220969720277791992e-03 3.464553230473744333e-02 -1.086320686045823547e-01 -1.562621148106204533e-02 1.078436609161622650e-01
5.473462741329843118e-02 1.299017188751129537e-01 -1.122563627453264934e-01 -4.932262385637430080e-02 1.926382253597471728e-01
-1.016501598577084914e-01 -1.943092098878310137e-01 -1.048280683473774150e-01 5.995809800777773119e-02 -7.944321631061078415e-02
-5.724095382416297811e-02 -1.021437504031671994e-01 -6.759971603708986310e-02 3.739659015007951171e-02 -2.289224596029064071e-02
-9.331937826395492186e-02 -1.679223123517042116e-01 -1.093934866141088036e-01 5.417153249381672503e-02 -5.145743859031132184e-02
-1.191099644376028416e-01 -2.211207355415032993e-01 -1.108599396907878620e-01 7.342372612187367253e-02 -9.382264406313910177e-02
-8.093073145689193282e-02 -1.410942199608739289e-01 -9.179924701925325226e-02 4.757249861101695704e-02 -4.086161715099911884e-02
-1.025986303319631199e-01 -1.900566862009481772e-01 -8.221630301675966757e-02 6.620716067050476383e-02 -8.393220671136303324e-02
2.524049437167332627e-02 8.175083625313550595e-02 -1.116253816806537930e-01 -3.150783181342151767e-02 1.496281241766570513e-01
1.736337579183837299e-02 4.829285839209062486e-02 -8.808577320140248412e-02 -1.557436443050589335e-02 9.484424300502060368e-02
2.290691034227376049e-02 6.921706506568642281e-02 -9.827428275535940450e-02 -2.663663056486816061e-02 1.321759601010714102e-01
7.311931702891819040e-02 1.074825669969624031e-01 -3.435469554449179647e-02 -2.655568236556010708e-02 1.072212573233574384e-01
3.155693865185861535e-02 7.654166795679392954e-02 -1.082818667009788349e-01 -2.961609031030729144e-02 1.474189124098851666e-01
-5.172070981732072859e-02 -6.181369798184728481e-02 -1.101985730391799589e-01 1.768633748921117493e-02 3.048521536792068304e-02
8.697612816146171877e-03 3.655449928475901916e-02 -1.083635562806868069e-01 -1.566213892365359017e-02 1.129569940304747527e-01
1.149331965641926107e-02 4.549477714831690750e-02 -9.802161959929955870e-02 -1.774661981979479275e-02 1.128139095901370403e-01
2.522989567361079433e-02 7.621056831931735664e-02 -1.102947351676795695e-01 -2.957921357192291878e-02 1.466260652635057449e-01
1.679161498412570785e-02 5.554857641843178456e-02 -1.099089523500030724e-01 -2.500974086443836369e-02 1.315401853161586865e-01
4.297565103948727816e-03 3.158585964777602811e-02 -5.933764339227512452e-02 -7.004236438966049763e-03 7.715493678408384681e-02
-1.220340089899307201e-01 -2.278407694196145639e-01 -1.117197817306782442e-01 7.553613955345675479e-02 -9.734366855397148799e-02
8.601912182115459271e-02 1.533529613646638923e-01 3.832720999522856720e-02 -3.138597511482203034e-02 9.478784916336187305e-02
5.356274008864665703e-02 9.341820895864161312e-02 -1.112734854521139904e-01 -3.766706811276349792e-02 1.725248777365114283e-01
4.667687181642475591e-02 1.127676494720058487e-01 -1.134842499690674189e-01 -4.311539253152722045e-02 1.813508840408262213e-01
1.405479469806548976e-03 3.534171950812738799e-02 -1.098217569876554917e-01 -1.609347080106356825e-02 1.082882010457583838e-01
3.795316336745156727e-02 8.415973047355129744e-02 -8.570684913669450455e-02 -2.957861600112650369e-02 1.427939855962095661e-01
1.468240254212863083e-01 1.080250696395930188e-01 -5.819086481040698644e-02 -8.170658292029982575e-03 -5.480245639788418333e-02
1.912433557932931988e-02 8.693567817622097071e-02 -8.678254511415255112e-02 -2.841657403478065752e-02 1.315864560907752112e-01
5.051025190371337403e-02 1.127389760905242733e-01 -1.130052038263659742e-01 -4.310125776192531150e-02 1.827092973410199550e-01
2.259827032966230803e-02 6.694849756994350476e-02 -1.078700940316042467e-01 -2.611377434823759780e-02 1.368262539156401836e-01
-5.005336309409215423e-02 -3.443808075957599524e-02 2.088066352144863080e-01 5.261245709502473944e-02 -1.537803987131231009e-01
-5.067686828074412231e-02 -7.613653384268037616e-02 -8.310975094468404933e-02 2.557777624667759847e-02 6.135693659328443628e-04
-3.869581582933751679e-02 -5.586476699074535701e-02 -1.073935387347732945e-01 1.559988914417696944e-02 3.819186738158665551e-02
-2.183842566628375198e-02 1.158982518348975616e-02 -9.216926281076479044e-02 -4.943830632398312289e-03 7.457756185831258822e-02
3.305149131584608768e-02 9.427187019510160915e-02 -1.099195897857324772e-01 -3.617858744716460212e-02 1.592470610590007440e-01
3.259331599408245295e-02 9.259238223023627534e-02 -1.100121151848616613e-01 -3.566308268197689035e-02 1.584791943721285401e-01
1.973770910452816996e-03 3.078233042402991199e-02 -9.460187894618476978e-02 -1.199465305373535219e-02 9.913061350571503172e-02
-1.052150083074036013e-01 -1.918878715331946705e-01 -9.919992715561150309e-02 6.435488365469642369e-02 -7.718427133595130718e-02
1.711263152061984205e-02 6.479444792557842447e-02 -1.121294512334138904e-01 -2.596329703564476815e-02 1.369370802812334142e-01
2.353478949795186903e-01 1.070316330490130863e-01 -1.161715390769549466e-01 -3.392091649492008920e-01 -1.746872358266672587e-01
-2.369569214672049423e-02 -2.409306897604877873e-02 -1.074617082644668126e-01 5.088570099931652956e-03 6.108118135751865185e-02
-7.655057281184739215e-02 -1.255383688271547449e-01 -5.902449595476280675e-02 4.631032824092269629e-02 -5.241869227987769331e-02
-1.635384609254275645e-02 -1.046616990746371961e-02 -1.012089835095625195e-01 1.607889105645517874e-03 7.085525361070198203e-02
-9.677416588512646745e-02 -1.788114765059992395e-01 -1.115485981650164854e-01 5.398080132666084607e-02 -6.504033855947846665e-02
-1.112753322456006000e-01 -2.037276455958887955e-01 -1.109983566944699185e-01 6.727520394248888425e-02 -7.873509688744967372e-02
1.806774192442905241e-02 5.264060246176383712e-02 -1.088113228373471658e-01 -2.119528946077341852e-02 1.263277779139053980e-01
-2.880757997448413210e-02 -1.709706094264498710e-02 -1.106333475502970648e-01 3.435048404007580436e-03 6.513992817328487228e-02
-1.165889935545341011e-02 1.788017334587797824e-03 -9.686281597283949441e-02 -2.509223478594613255e-03 7.587515914873886602e-02
-1.513612043575055660e-02 -4.942161572646539686e-02 -7.978107804465310593e-02 1.611244326338485966e-02 3.875706486108150550e-02
-2.025715631220898275e-02 1.928303178438647153e-02 -8.306708944258581195e-02 -7.596143006318068977e-03 7.636068001269771810e-02
-8.472821868389628086e-02 -1.453789956886701595e-01 -9.315323127134839121e-02 4.893825985939590645e-02 -4.525706993046742233e-02
-2.761898594700327655e-02 -2.738559534730205386e-02 -9.861627283762840201e-02 9.073863179748323585e-03 4.229983233917582186e-02
-1.419328431047010147e-02 1.598195366038370618e-02 -1.084381458746076915e-01 -9.298566892701721001e-03 9.175687306877836069e-02
6.930250465310289210e-03 1.438320161529684643e-02 -9.471403602776810871e-02 -1.414452396580624834e-02 8.025536097102635436e-02
-2.523487408865066062e-02 6.570475414835946770e-02 4.630511572601470061e-01 5.637418796762704715e-02 -2.487589368634287590e-01
2.539806680515583476e-02 7.879827690174714960e-02 -1.099128075348318190e-01 -3.055435140631538454e-02 1.476954006356735183e-01
-1.191966324124436039e-01 -2.198008662055692397e-01 -1.051599445917840159e-01 7.367073378168201292e-02 -9.615483997569002073e-02
-9.650205725490229591e-02 -1.721116107988829025e-01 -1.018800695868217199e-01 5.718525137614837578e-02 -6.065777230429983402e-02
-1.264350144352170413e-01 -2.352933750191903151e-01 -1.070969999507255105e-01 7.873253603498268915e-02 -1.070792464750387890e-01
-6.772963264373309256e-02 -1.118253906329549074e-01 -9.457318357703167755e-02 3.758777371504978121e-02 -1.900376876784003535e-02
5.503228162258945455e-02 1.230261183915050127e-01 -1.093903904442984909e-01 -4.910656709630168565e-02 1.889288213276163753e-01
-1.277507127269642551e-01 -2.386425779359155896e-01 -1.088783618409021603e-01 7.970304002355360629e-02 -1.088977609282913150e-01
-8.384469971668964683e-02 -1.484609059887789517e-01 -1.117705074855052660e-01 4.301144811652260480e-02 -4.027264832726143440e-02
-4.710282258185390092e-02 -6.509689865677557863e-02 -1.017525110015005119e-01 1.917791115451861900e-02 2.407207380906510250e-02
2.383579979901628842e-03 2.929991955207588566e-02 -1.058655550330523665e-01 -1.316039453446605188e-02 1.042583523472218610e-01
-1.020859650422792711e-02 6.558057973908661131e-03 -1.119877107157157825e-01 -7.573427748601797502e-03 9.114600627862004534e-02
-8.002107340294170590e-02 -1.980594803479923671e-01 -9.122390722755614745e-02 3.318438573479718517e-02 -1.146489626156851349e-01
5.096671671800438730e-02 1.105495742435493867e-01 -5.548702141917822434e-02 -2.091212225894415605e-02 8.344951322112652281e-02
-5.090210576240170037e-02 -8.022368397378687455e-02 -7.873873048314929124e-02 2.832426668445627016e-02 -6.249066061260986904e-05
3.407297674881519522e-02 9.156298989357408713e-02 -1.089791059319694805e-01 -3.489321482882045550e-02 1.577039169881525871e-01
-4.796421243524601891e-02 -1.039739426273674078e-01 -1.091207600736413402e-01 1.285989606218501842e-02 -5.646344271353475469e-03
2.709497140366092655e-02 7.742854259493250901e-02 -1.086091482490144089e-01 -3.040639057661806421e-02 1.442883911634469385e-01
-4.578188592339153123e-02 -6.530203556300878676e-02 -1.081077922177383355e-01 1.890734559087843894e-02 2.779187447658643118e-02
-1.232341825332512186e-01 -2.264878167122651997e-01 -9.233777226117537151e-02 7.766479531153876181e-02 -1.099386517307829464e-01
-8.468820148809826087e-02 -1.744285988974783042e-01 -1.109939913733834771e-01 2.981626807513977628e-02 -3.748882750009739639e-02
4.188028239360004623e-02 7.298403315861165530e-02 -7.027444703265844916e-02 -2.489612771184580853e-02 1.083240602734424074e-01
1.026594496285478247e-01 1.590387478385275610e-01 2.449686708394373802e-01 -1.074511075627020661e-02 8.447227879183658028e-03
-8.143048440458450221e-02 -1.420883628593232195e-01 -9.998117817984629452e-02 4.598112858257655255e-02 -3.803586469596458020e-02
4.718163496737071139e-02 1.144957510371789611e-01 -1.113249955240460803e-01 -4.302554015158172041e-02 1.786760719979539891e-01
-1.040621826903553593e-01 -1.932317977980505530e-01 -9.271297065699272977e-02 6.489589651485593025e-02 -8.207977587510292827e-02
3.451647419973363773e-02 9.176558185844679860e-02 -1.068268969665927132e-01 -3.461239542078196896e-02 1.563673461768997630e-01
-1.470855714795256397e-02 -7.691196930243150709e-03 -1.067005941771122096e-01 -3.350125401684229953e-04 7.714416901000323290e-02
-4.565601650694776220e-02 -7.503314979921170413e-02 -1.080326326298620687e-01 2.210700454736867077e-02 2.367327407162896080e-02
-9.522610184683540091e-02 -1.703879546764917874e-01 -1.079257666661258969e-01 5.590952765252504841e-02 -5.533679431162633056e-02
-5.994347649546070272e-03 9.742759867099666515e-03 -1.092055010244833702e-01 -6.521101389257965772e-03 9.193123945002526498e-02
-1.118694529611042737e-01 -2.050198103710269837e-01 -9.364239349984096461e-02 7.260228847640105843e-02 -9.850745981060647638e-02
-1.070476139027047163e-01 -1.980913656469586170e-01 -9.819547989765727014e-02 6.674575283604287923e-02 -8.090158048051206141e-02
-1.202106397155231349e-01 -2.190951288780251249e-01 -9.756265617280848734e-02 7.480865454079062282e-02 -1.023140776796195167e-01
1.296602708126563808e-02 5.093988901155254573e-02 -1.102857973189971530e-01 -2.116367010324168851e-02 1.265208598555492281e-01
2.642250669369015231e-02 8.116363133675089103e-02 -1.104297582537302203e-01 -3.155219835801641171e-02 1.501927621057878581e-01
-7.815119672683767948e-02 -1.300930764595309708e-01 -9.307701314949057281e-02 4.384147404259176178e-02 -4.999898899686082421e-02
-6.125441411757549803e-02 -1.140073103617050415e-01 -8.781898218958510138e-02 4.108321429333156027e-02 -3.737367578674535840e-02
-7.017793962654222950e-02 -1.223123315326024585e-01 -5.076009695077882133e-02 4.659227403991861305e-02 -4.957614942066049246e-02
3.140110788820212051e-02 3.273961483916400933e-02 -2.785042276155415969e-02 -9.411325304458352525e-02 1.454327812312662394e-01
-6.703905249101935193e-02 -1.161510562764207638e-01 -1.003781405957708539e-01 3.813613141736404977e-02 -1.595879523405037068e-02
-7.799591641861926272e-02 -1.360974678242306279e-01 -8.011576876144621551e-02 4.758838020310011963e-02 -4.327532511663761960e-02
-2.886281582100969426e-02 -3.286080047358508338e-02 -1.089578866158771725e-01 7.911982748113889977e-03 5.545249693110450295e-02
-4.175859667174428719e-02 -6.509411906237522194e-02 -8.827033363646399899e-02 2.168845539459846039e-02 1.891050496120556812e-02
-1.119100336810965601e-01 -2.162593623872274828e-01 -1.110569681695599553e-01 6.273142507619199060e-02 -1.007053453938992899e-01
-1.088849187513428601e-01 -1.969873045369310849e-01 -9.360970908703075688e-02 6.818705176365132126e-02 -8.877770032885436147e-02
3.726642604525183533e-02 1.024435484699909304e-01 -1.136789974310642160e-01 -3.840401630230338981e-02 1.668599527400135840e-01
-9.432907818175237380e-02 -1.722883333222552660e-01 -1.108254684814598545e-01 5.198456620084011826e-02 -6.044904680976954936e-02
-1.227388553128214710e-01 -2.256348840695911462e-01 -9.860901187857519512e-02 7.641551033799126591e-02 -1.051482883778849103e-01
-1.165584017318848503e-01 -2.173822264643549274e-01 -1.086353159331886892e-01 7.223801371019715478e-02 -9.093038502098683973e-02
-1.213691525978091990e-01 -2.247733786180911297e-01 -1.117320719267577145e-01 7.426279113199568682e-02 -9.583913116914676011e-02
-1.224441022418135544e-01 -2.278241116490941354e-01 -1.112598280731588729e-01 7.536971780591257553e-02 -9.838122161211226846e-02
-1.245590315103659584e-01 -2.333762305512178115e-01 -1.110258342813040672e-01 7.742884778651612510e-02 -1.023154990464653635e-01
-1.355097444336918894e-02 -8.919172913228698429e-02 -9.700575478796705231e-02 -1.041470217682182418e-02 -6.830019636388705295e-03
-3.323675359995842404e-02 -4.629790660870895108e-02 -1.065911140685075337e-01 1.301109332234269902e-02 4.401276235376712365e-02
-1.232214941967697680e-01 -2.280622681827895182e-01 -8.913292137225031775e-02 7.870262223290827586e-02 -1.126858237747245250e-01
-1.450463463746904172e-02 -1.389112466006810209e-02 -8.963943638207816367e-02 7.313877345440195424e-03 4.674736731903721132e-02
-5.723773201772845709e-02 -8.822643412809232089e-02 -1.100971091601319896e-01 2.706014251747950947e-02 1.075819221588924374e-02
-2.971409998144998454e-03 1.317252834648694609e-02 -6.603438227057310816e-02 -2.164939755392201320e-03 6.793021576321180144e-02
-7.983456967383080471e-02 -1.480465271603412791e-01 -1.102749130750176609e-01 4.364254899976036106e-02 -4.207655319276930317e-02
-6.201796103764196932e-02 -1.086500180917227693e-01 -9.411808742877832146e-02 3.631673556437981648e-02 -1.331929008710582701e-02
-1.234602729721884090e-01 -2.276622631063073832e-01 -8.480677947352778523e-02 7.913956967997054504e-02 -1.151420678995546676e-01
2.910202245353583905e-02 6.949858661758864797e-02 -1.095165293842753768e-01 -3.294363815604013646e-02 1.381374317265988139e-01
-9.185501729176562269e-02 -1.665950194622725644e-01 -9.803663533685380571e-02 5.514989113972398188e-02 -5.587352555757842121e-02
-1.252986557842123982e-01 -2.334957447039976430e-01 -1.110826441479183940e-01 7.726200482634694444e-02 -1.031703906720676939e-01
-9.757009519596679392e-02 -2.046891674820348062e-01 -1.124692747014213595e-01 5.027622260549513555e-02 -8.742676073569800865e-02
-1.153817895792323828e-01 -2.419905226223197925e-01 -1.105600771169620300e-01 6.485654253909275968e-02 -1.162570916260479426e-01
1.895655512985308655e-01 7.907101287854992333e-02 -1.078475150335759802e-01 -2.834733762396602352e-01 -1.606039409291567799e-01
-6.445421641948390068e-02 -1.248163960707289188e-01 -1.003463504443954935e-01 4.027864498570044027e-02 -1.696433910175532481e-02
-9.720438505637996052e-02 -1.744256479864225440e-01 -1.070663700304827215e-01 5.726338642825305053e-02 -5.914911704193258346e-02
-3.883404040767188953e-02 -6.194395634091144631e-02 -1.072863711087047867e-01 1.842565810851014979e-02 3.523449541882883729e-02
-6.485707421747174961e-02 -1.087464925183106446e-01 -1.074542321177375942e-01 3.493898254039406320e-02 -7.158135267426625481e-03
3.905139552647428069e-01 -1.827969320538782028e-01 -1.147619927669335516e-01 -4.545901935958327478e-01 -1.512589081771089361e-01
2.051848470463377150e-02 2.903369968833362930e-02 -2.553363623030611984e-02 -4.218990351780629519e-03 6.774403142692270174e-02
3.682696783908830096e-02 9.007828853827473670e-02 -1.116560193783378424e-01 -3.912843253263637716e-02 1.532766569501985421e-01
-4.888677462002892493e-02 -7.445185185012995199e-02 -8.490288350066634016e-02 2.565344986445645611e-02 1.009738863904317135e-02
-1.231480797263397320e-01 -2.295530752530577367e-01 -1.107303575436883458e-01 7.607166511256566177e-02 -1.000674684477946691e-01
-1.170426223841555674e-01 -2.161688243659346531e-01 -1.126280478203069702e-01 7.081347713583110992e-02 -8.715402242819039746e-02
4.913764602497060208e-03 1.984947103920383510e-02 -1.098524349128111310e-01 -1.069140554204944284e-02 1.047504005655893466e-01
-1.012463319393285266e-01 -1.860897090958694711e-01 -9.912598981819804866e-02 6.306297386958473195e-02 -7.251146540978931077e-02
-8.149784194262864323e-02 -1.468604753453981726e-01 -5.899112647413644328e-02 5.565048841691098980e-02 -7.446815748255813938e-02
-1.075094816732834330e-01 -2.235534156568331210e-01 -1.102151476642116296e-01 5.560850963387412721e-02 -1.188360764800860669e-01
-1.067312309909312640e-01 -2.145317343124304998e-01 -1.102646746437630915e-01 5.617236711424876405e-02 -1.179274974078119154e-01
-1.217886729351338598e-01 -2.282824176444313569e-01 -1.098381360290233144e-01 7.286617747080834095e-02 -9.666694728836540407e-02
-9.275958997631042480e-02 -1.669215763069177572e-01 -1.069894729781234455e-01 5.504600623672361442e-02 -5.234714505231673198e-02
5.674098224940915536e-04 2.049881308664818630e-02 -1.055280468060137838e-01 -9.715337832671340837e-03 9.884770695170347343e-02
1.549814478919758765e-02 6.717020961158853831e-02 -1.070378215060663607e-01 -3.677624475294333228e-02 1.306546226053825477e-01
-4.629798585907214659e-02 -7.359156992466363290e-02 -1.012702734008958383e-01 2.371963592670260981e-02 1.940415265804669095e-02
-6.739782069107996820e-04 -2.499185518600972183e-02 3.093640174047568303e-01 6.137266490982638129e-02 -1.775304914314843330e-01
-1.125561938736316242e-01 -2.282534156568331030e-01 -1.102151476642116296e-01 6.159923055035861766e-02 -1.172581041567066218e-01
-7.602694339636144327e-02 -1.329223016015830539e-01 -1.074342631350834049e-01 4.325889311040375523e-02 -2.685308361540952524e-02
-1.288521626080412763e-01 -2.430432263296280482e-01 -1.095285701074930340e-01 7.851751253708386113e-02 -1.093363711960203405e-01
-1.283054542262558329e-01 -2.375410954666447583e-01 -9.462235473676072761e-02 8.107028091208214049e-02 -1.170395071197332382e-01
-6.988534682780744856e-02 -1.147802739007268424e-01 -9.148656828563211940e-02 3.912327134639705800e-02 -2.019565484361878979e-02
-5.251791695984107944e-02 -3.504501394437387063e-02 2.165268515090117696e-01 5.452428965719343518e-02 -1.583421416140117222e-01
-1.029036125882116515e-01 -1.868838802242885344e-01 -1.106448288574687910e-01 6.100613069095080915e-02 -6.630586907970520416e-02
-7.920373810445266449e-02 -1.746853287216459383e-01 -1.088431902336237378e-01 3.801469084420350253e-02 -6.705293598665601484e-02
-1.217403118793321803e-01 -2.254950142593072360e-01 -1.098375759311024241e-01 7.492812870601318898e-02 -9.751447645441194134e-02
-2.934553667125314874e-02 -4.052253504114720906e-02 -1.071813067951147003e-01 1.110696124595900343e-02 5.094112724449496865e-02
-1.222575131111225955e-01 -2.317356022834514695e-01 -1.063961452498708021e-01 7.745326807882765840e-02 -1.030179949144829771e-01
-8.969655049784544532e-02 -1.750383278333943748e-01 -8.181671624790859410e-02 4.469276935863267242e-02 -7.691027615032090814e-02
-1.280850737149509810e-01 -2.377164543451604495e-01 -1.094574235066208823e-01 7.931681392577494272e-02 -1.079796146298364901e-01
-1.050413839049998826e-01 -2.122438376319609465e-01 -1.106877832549346130e-01 5.451392403392079505e-02 -9.927855679950658985e-02
7.706624365110471830e-03 3.221680170187084941e-02 -9.850081486005943243e-02 -1.753781925315199552e-02 9.896169058759192450e-02
-1.053988963586900557e-01 -1.933517716057569502e-01 -1.112944258886303800e-01 6.598285444438550806e-02 -7.732080996450017840e-02
2.757251286978763816e-02 1.872581533404419490e-02 -5.876416143383686452e-02 -1.396529545731401388e-02 7.842844871787760241e-02
5.235008481871379626e-02 8.016900054258677133e-02 1.698698689377508841e-01 6.477436487895259394e-03 -1.409460166790528837e-02
1.925713175387650661e-02 5.750013663395413949e-02 -1.110861733735461765e-01 -2.343366956304417797e-02 1.338464409330543392e-01
4.606063974150108320e-02 1.088636678223397769e-01 -1.088172087334902949e-01 -4.079486054881541202e-02 1.725462200280312164e-01
-1.046468813393169883e-01 -2.042528718504125207e-01 -1.010481128393768691e-01 5.852656454785493123e-02 -9.871043457771834506e-02
-1.068954342454375012e-01 -1.959986306664726896e-01 -9.500153627405183432e-02 6.626620483765931213e-02 -8.260656308845741591e-02
-7.837938813246655978e-02 -1.990195618281326295e-01 -1.107704642245397886e-01 3.253278370960596688e-02 -8.187491617197678595e-02
-3.006852959122658514e-02 -4.724039130936182745e-02 -9.976336379266424748e-02 1.382266723538707123e-02 4.172955053654582580e-02
-1.145636268785954620e-01 -2.140237453745053031e-01 -9.910380119620264272e-02 6.816593831101590284e-02 -1.008790919494429034e-01
-1.176863040833233676e-01 -2.175677652246541527e-01 -7.564555620013405091e-02 7.700502109956408603e-02 -1.127361605008783962e-01
-8.995060639888073639e-02 -1.603674859879361814e-01 -1.094356680166047729e-01 5.185324383604503207e-02 -4.650420306091335165e-02
-1.131521887413913796e-01 -2.233793885464601947e-01 -9.943750854905865355e-02 6.259599464482840103e-02 -1.187812042619951214e-01
-1.166350819299880326e-01 -2.152750363412972712e-01 -1.111473948787238958e-01 7.102408147911976055e-02 -8.857882493983301742e-02
-1.205622116098431923e-01 -2.224185679799199900e-01 -1.124465907564786704e-01 7.341844600484069561e-02 -9.332507392850158956e-02
-3.078445161545166273e-02 -1.330720908563277072e-01 -1.090822345477553412e-01 -2.447263942402418124e-04 -8.437110827373514588e-02
-1.288521626080412763e-01 -2.430432263296280482e-01 -1.095285701074930340e-01 7.851751253708386113e-02 -1.093363711960203405e-01
-3.637160317472615950e-02 -4.847727394148687585e-02 -1.042807947594040913e-01 1.390880810341592680e-02 3.983541728100328805e-02
-9.381550090135265529e-02 -1.993947435204644347e-01 -8.900295188351990683e-02 4.571857078195858820e-02 -1.153008797183296408e-01
-1.077208779785464726e-01 -1.993275359016899728e-01 -2.330750394422570482e-03 8.039664159904995333e-02 -1.413954851882977537e-01
-1.025041926514197316e-01 -1.814927481569468259e-01 -2.403822687647573508e-02 6.867967314640761878e-02 -1.138111703231442506e-01
-8.239587233704229186e-02 -1.469136965499286962e-01 -1.082643640075618419e-01 4.766014352380753410e-02 -3.544675802862828906e-02
1.129639655516933433e-02 4.398821418564071578e-02 -1.072827430048588909e-01 -1.804471730935214291e-02 1.182338347495563019e-01
1.129639655516933433e-02 4.398821418564071578e-02 -1.072827430048588909e-01 -1.804471730935214291e-02 1.182338347495563019e-01
-5.403211712829222857e-02 -9.674279910488255141e-02 -1.058159669660990732e-01 3.171718738832558088e-02 -1.758288609516583251e-03
6.972246877080194583e-03 3.296061886666604851e-02 -1.083443063107582260e-01 -1.445286788946509131e-02 1.112625554592363980e-01
-1.052159666559600720e-01 -2.114491489751882947e-01 -1.013467391424580366e-01 5.662933121815127285e-02 -1.097375238912540879e-01
-1.010744418435277348e-01 -1.825429354002375271e-01 -1.054025822183688871e-01 6.047951607062813928e-02 -6.617892521122825666e-02
-3.643107401652923016e-02 -6.727182094089911857e-02 -1.095768632872454462e-01 2.072896723921352838e-02 2.422488964150508114e-02
-9.040388194557845425e-02 -1.616015205193554183e-01 -1.071798523425987471e-01 5.302192219927877315e-02 -4.893640016632326561e-02
-1.241289607535082107e-01 -2.301386745035912951e-01 -1.069077188593457184e-01 7.697339228990361659e-02 -1.030974801823917736e-01
-7.991404508362100201e-02 -1.363934451169146467e-01 -1.048025480206378757e-01 4.534387618559133915e-02 -3.285152708568833679e-02
-7.863065558244256015e-02 -1.337525485393022961e-01 -9.840127700434417313e-02 4.474199454353894323e-02 -3.687320110257392980e-02
-1.055117061248183191e-01 -1.947656018646906906e-01 -1.000255267284099470e-01 6.568601644241367499e-02 -7.826296827030532199e-02
-7.010480505487992620e-02 -1.186912020263613254e-01 -9.733510113790501406e-02 3.939333509169080233e-02 -1.866944343329116421e-02
-2.777299428275095683e-02 -3.906539341798936915e-02 -9.751029284828485744e-02 7.079531487275345959e-03 3.895713220944219124e-02
3.902477979910751182e-03 1.837048868636232540e-02 -7.534522981983216017e-02 -4.853133348390834337e-03 7.914417558346249770e-02
-1.193854915704304770e-01 -2.227094429241555651e-01 -7.918373235715514546e-02 7.827337751453433690e-02 -1.132938610026461013e-01
-1.019409322500071241e-01 -1.858049144701932054e-01 -1.087526597194005129e-01 6.168090073747455743e-02 -6.656755976837078204e-02
-3.687225818058900012e-02 -6.442440738331806083e-02 -1.017995610113131139e-01 1.616264850578499890e-02 1.882902714924404586e-02
-6.568994784768794615e-02 -1.087027815590450447e-01 -1.026514765333338824e-01 3.491543930371787674e-02 -9.135359500743352179e-03
-7.762143407931917927e-02 -1.358190617414338219e-01 -7.800441090636556218e-02 4.739621006111920110e-02 -4.446104674741158114e-02
-7.382142970886856892e-02 -1.224471520621034371e-01 -9.234613702857678852e-02 3.857681037501827642e-02 -2.290920049879524231e-02
-1.097508139602302452e-01 -1.987352109600234451e-01 -9.803332945853480973e-02 6.981808443971571077e-02 -9.134109541152801715e-02
-1.026045765293666784e-01 -1.968841439044636543e-01 -1.015213636268231523e-01 5.694268525013590487e-02 -9.055398824723685791e-02
3.730440057466911929e-02 9.710439581100904771e-02 -8.119477125229385139e-02 -3.356017586541794329e-02 1.463037445772050749e-01
-5.062638169136773891e-02 -8.078661654442127749e-02 -1.045998082188615286e-01 2.488768608106707927e-02 1.524268695822428993e-02
5.886110484775737561e-02 -9.064250634334088119e-03 -1.122904744041084146e-01 -8.836672954862560825e-02 4.956664694395518378e-02
-2.963647273303449473e-02 -7.503046771836233142e-03 1.106984603986058413e-01 2.963403449920325866e-02 -6.488270081118598098e-02
-9.020332658501965806e-02 -1.596827790814158987e-01 -9.940764736698939896e-02 5.364366064771840248e-02 -5.219815963869708919e-02
3.482108850179648774e-01 1.193102572420639829e-01 -9.087062878531330934e-02 -7.265091851448580995e-02 -2.501512826902958508e-01
-9.361933310669520725e-03 -9.949617684888345526e-02 -1.026751399150864774e-01 -3.347258435158024722e-03 -8.937838294738720268e-02
2.727398452646012661e-02 8.058195292949732469e-02 -1.100973320122879962e-01 -3.107777097631757995e-02 1.492691851010017057e-01
-7.757157225386837607e-02 -1.625252233244746103e-01 -9.857517564932657961e-02 3.665426784315184427e-02 -7.487352778901774919e-02
-9.222454523360062995e-02 -1.624344783037644513e-01 -8.555538198506196235e-02 5.632958327269774190e-02 -6.361605407937385992e-02
-4.162550315434997844e-02 -5.734444304679417459e-02 -1.046467340248422861e-01 1.671395957388004463e-02 3.229657457032417134e-02
1.921957482818432705e-01 7.630513737423205711e-02 -8.641611189117574809e-02 -2.901802458811279517e-01 -1.836069624138439715e-01
-2.963647273303449473e-02 -7.503046771836233142e-03 1.106984603986058413e-01 2.963403449920325866e-02 -6.488270081118598098e-02
2.876661421499689120e-02 8.059358142897191102e-02 -1.056294155731017648e-01 -3.073881804001653284e-02 1.468274152028829493e-01
2.964028084565233090e-02 8.026986156840096309e-02 -1.103848372063961358e-01 -3.447467419708118153e-02 1.394996341428484110e-01
4.902303699549659388e-02 1.035844747119196718e-01 -1.118852462532779202e-01 -4.059108997417631287e-02 1.759028353028958824e-01
-9.356108221261268121e-03 -5.576689634387092809e-02 -6.896417770123372537e-02 1.336627305896326452e-02 -6.925777551935163867e-02
-1.039284951010558400e-01 -1.812040022392092942e-01 -1.032797937283194412e-01 6.088364380507448048e-02 -6.743857757938007125e-02
-1.045231018496334541e-01 -1.938481044643576845e-01 -1.104279072584073984e-01 6.061673134322236728e-02 -6.795925589054528648e-02
4.756478808412198389e-02 1.081608809844000485e-01 -1.123070236196282989e-01 -4.193832428372899768e-02 1.777792906280446783e-01
-1.038457040790521924e-01 -1.880620225662820999e-01 -1.087030369121848028e-01 6.149760704292644986e-02 -6.877591493311681348e-02
6.842826654471084735e-04 2.257056273516223205e-02 -1.096456666693214621e-01 -1.144835859722681363e-02 1.035893475110733764e-01
3.895013432753213767e-02 1.000036545537701660e-01 -1.120552710974227623e-01 -3.837426705776677410e-02 1.674651977685465143e-01
3.312738980881016482e-02 8.706032672785365967e-02 -1.102664620842560006e-01 -3.547052770299094493e-02 1.579548272483124183e-01
3.451647419973363773e-02 9.176558185844679860e-02 -1.068268969665927132e-01 -3.461239542078196896e-02 1.563673461768997630e-01
-1.003430036443518289e-02 6.329317715615054296e-04 -1.058192100172084399e-01 -2.790273399736923482e-03 8.219010914023895664e-02
-8.238201120389007648e-02 -1.490601325523495113e-01 -1.096849982287423086e-01 4.844222788588803397e-02 -3.640642166104753052e-02
-1.191457327699338431e-01 -2.171203093518743465e-01 -6.934328376793555404e-02 7.768633080822839876e-02 -1.167697055622524405e-01
2.727398452646012661e-02 8.058195292949732469e-02 -1.100973320122879962e-01 -3.107777097631757995e-02 1.492691851010017057e-01
1.682527002521850418e-02 6.058221008102605137e-02 -1.110484642860009308e-01 -2.426522134950422765e-02 1.335667843263706189e-01
8.177699674882410452e-03 4.098524961746567025e-02 -1.072419596196497460e-01 -1.788060864262506350e-02 1.130327815270714409e-01
3.166210970171273731e-02 6.819201585183842784e-02 -1.073295508603357012e-01 -2.866424553849642592e-02 1.438085733292674973e-01
-1.277129755640075623e-02 3.401507754736030759e-02 -3.413508416378601557e-02 -3.231689222530359853e-03 5.115402805662462582e-02
-9.952736683299159837e-02 -1.789001952409568497e-01 -1.085850591299753753e-01 5.865787497113099380e-02 -6.208946129033787731e-02
3.714669965809196117e-02 9.737181164397873401e-02 -1.123367459880603436e-01 -3.734433002750206509e-02 1.663700348296345832e-01
3.573659657106260934e-02 9.605139676411469929e-02 -1.115924105352950058e-01 -3.681011814359249484e-02 1.643865131301051330e-01
-6.834741614920908370e-02 -1.176596082778960939e-01 -1.079829189546682999e-01 3.781103271546092798e-02 -1.107086953656890790e-02
2.474368600978379268e-02 8.012491714553837685e-02 -9.914591393874273850e-02 -2.863952059609779777e-02 1.348296840398166274e-01
1.353934668477571601e-02 5.798571437403356871e-02 -1.082248544523669864e-01 -2.331979971465004270e-02 1.274568576309083323e-01
-9.128711435888535453e-02 -1.701733278134754945e-01 -9.911854427829752678e-02 5.169371553218887055e-02 -6.643872739123386773e-02
3.435698744782479663e-03 2.433555526709210021e-02 -1.062347660283734091e-01 -1.110032961126225341e-02 1.023386721368857583e-01
1.375968022092516341e-01 3.483157273404424020e-02 -1.037063212461776796e-01 -2.147466349803341390e-01 -1.398238545776535335e-01
-1.015170951078081252e-01 -1.793530061028032752e-01 -8.884649245263837036e-02 6.342322258505254939e-02 -8.101359166355492913e-02
-4.459382479035505636e-02 -6.531937370835284862e-02 -1.117896403031628239e-01 1.889211812110434124e-02 3.213114143915073162e-02
-6.773839324166892883e-02 -1.330967962260371507e-01 -9.771132597424335431e-02 3.453079566023527919e-02 -3.382527734587784107e-02
-1.304587460397992338e-01 -2.437114782433080495e-01 -1.112669397501525465e-01 8.108551544958127189e-02 -1.113007085364335902e-01
-7.782702272399397159e-02 -1.771125156963791192e-01 -1.134600715617383182e-01 3.513480309594299578e-02 -9.183862976437963399e-02
-1.741193862363755313e-02 1.941153820387175877e-03 -1.113230914802047777e-01 -5.138401672408044948e-03 8.200242684522231207e-02
-1.070905617627168072e-01 -2.144367396841440898e-01 -1.099163405085115119e-01 6.096733424776207971e-02 -9.049176207847765829e-02
1.405014169320258077e-02 -2.221550894060762144e-02 -1.113908298311522688e-01 -3.531225478826453823e-02 -1.817637060396310941e-02
-9.295349861351837051e-02 -1.715469900977228956e-01 -1.021119030106986125e-01 5.416328410945894789e-02 -6.823992700149997259e-02
2.709497140366092655e-02 7.742854259493250901e-02 -1.086091482490144089e-01 -3.040639057661806421e-02 1.442883911634469385e-01
-1.013377252645116661e-01 -1.835802207696856647e-01 -1.110136882829319965e-01 5.952639491222334878e-02 -6.387138721573384914e-02
-1.633624528983519328e-02 -1.499327483962172025e-02 -1.077838397592687097e-01 2.349482679775222183e-03 7.121189322533998112e-02
-1.237991328006532443e-01 -2.319115889890876747e-01 -1.085129548824222689e-01 7.738604549488818651e-02 -1.026864160828048211e-01
-6.784342556869947527e-02 -1.124141182470083655e-01 -9.796138086170218251e-02 3.711447151231727498e-02 -1.660742082129279193e-02
